"V1"
-0.17748735312317
-0.180746572907547
-0.176447034296043
-0.173874155033707
-0.163808458180804
-0.17299747373997
-0.155617213594694
-0.162873153655622
-0.163295212365584
-0.161250555550959
-0.165348970630557
-0.147187811259503
-0.149804021753613
-0.159105925181172
-0.161904877857643
-0.135813106888037
-0.124830435417682
-0.107457965719443
-0.0944110647076823
-0.111305418552846
-0.0923748715129205
-0.105706062835971
0.0397756441391984
0.0256336350977241
0.0192251849204116
-5.80852638458751e-05
-0.00588399404369855
0.0153078092290019
0.00349090516681472
-0.026339767171117
0.0102158467189634
0.0443960689653725
-0.0822634482496947
0.0287356796446253
0.0429311054422629
0.0574992335179144
0.0567120321962307
0.151599625773066
0.150411189847948
0.114222830325051
0.148670773185993
0.177320493141003
0.178837354309805
0.152929145879486
0.165392726854266
0.172135436214774
0.174730032507902
0.163523397589708
0.127692649659937
0.190439941709825
0.16570151214107
0.161711170385351
0.175958291089995
0.14806363029157
0.160608841532586
0.16185400858176
0.19572254317878
0.197684872994011
0.215614053702494
0.317403427090192
0.36023396973258
0.382092030504992
0.390131709272794
0.408790132441753
0.39174273835305
0.354388679506866
0.354003491262118
0.379598217666991
0.393303222679465
0.305540362055564
0.417565799201414
0.421450628382228
0.412629812306336
0.424217484389066
0.423564072092458
0.396888876229832
0.406847529180635
0.403821479285906
0.428735599281949
0.411914977260219
0.424697820461269
0.401664899624314
0.418951207456769
0.408588115953355
0.424372968728384
0.39702912415611
0.414262477458094
0.393452810815396
0.415739645793776
0.411505650767049
0.419917049132781
0.415701727867179
0.419763668394593
0.413560223903999
0.422311750356375
0.414857718396228
0.410483418999991
0.41660078272401
0.39650515028248
0.412704052880466
0.407203566522417
0.415315443692833
0.404067094871063
0.40812522379365
0.408299569561795
0.401462728349296
0.409711614773555
0.413020100125477
0.408963546316014
0.384299856165382
0.409110811131999
0.406833846908672
0.387817738210964
0.405039328457747
0.390004143196372
0.39878969863198
0.393283824958183
0.411626030442095
0.369470118904925
0.403698456008034
0.421931044370054
0.386776309930992
0.435250776960727
0.431923356560423
0.391704388533204
0.438572075512794
0.410482285596912
0.438730035259774
0.440933647918559
0.421511115712876
0.434616037664097
0.426677925610663
0.40620146923721
0.432540827364976
0.438806355203505
0.415533694074549
0.435272126141815
0.396745454507298
0.429581419454726
0.397998585527493
0.360565067146233
0.406970316000618
0.40577510740796
0.382930774924217
0.399272956151304
0.423990667500366
0.429837549160859
0.429779812582287
0.386641581862539
0.417384312035611
0.391418806720171
0.436874316924606
0.427286852288381
0.428590716056338
0.437069732844251
0.450491216627159
0.441006694650648
0.437181870568677
0.447231351955591
0.440090174000362
0.376185033801502
0.446418009644476
0.429973115146122
0.446668508463313
0.417507685717343
0.450043948501049
0.423629078058942
0.398769157691459
0.418744892724663
0.428379806754875
0.408258115141523
0.447989589926928
0.4504182697106
0.445626617498283
0.470308766455571
0.414694174243791
0.486035829632867
0.444334113251284
0.501584029386462
0.49335046927134
0.500046399879656
0.496284867667338
0.494798963481518
0.500633409477796
0.443797513388296
0.492973553024044
0.503034855971849
0.489906472002366
0.504216928256529
0.499801785304959
0.483468823597247
0.511212276498533
0.514807170261644
0.490002009507992
0.510341572975459
0.502766498193256
0.483044408538226
0.496741265625862
0.485626409039493
0.488264310839219
0.471460216135672
0.496991449033218
0.498834542849777
0.451364875453462
0.480476621015997
0.469703320676147
0.438254275676138
0.455093467184976
0.433133022682174
0.466048518778821
0.448762736575644
0.450697337087636
0.418152467304868
0.495421780965286
0.486068373327795
0.481639244039709
0.4722562989558
0.483297103557629
0.484550295209188
0.470375427432636
0.492110175027065
0.51825001342719
0.506552010624963
0.506882598870346
0.466999302056703
0.51664085369056
0.51528797755736
0.517744810868847
0.50494091740746
0.523264752193915
0.514995120015904
0.506369172143036
0.519865791157758
0.498216901242946
0.515951965258375
0.509555031601682
0.495866277952689
0.503697841525356
0.478325117407014
0.518248603297359
0.496012496619144
0.516080506189791
0.516542519300171
0.521139486515928
0.519955743577309
0.514464748554662
0.518282033667464
0.504056180305834
0.50282082032494
0.471351973454979
0.505858772457304
0.485652335296719
0.477604822256236
0.511217990410497
0.512613792214496
0.489068812684539
0.485864032668151
0.508535423592592
0.508280541642393
0.519769916664805
0.523072329240076
0.514167403710331
0.516067101990167
0.450888112517619
0.512430913830118
0.506467792582697
0.520885577602475
0.487546919414474
0.546545015085312
0.554123263665148
0.549208461121728
0.534485770360467
0.555272023625468
0.532223894539751
0.499991238512146
0.552151464431109
0.569109278458266
0.548880935791929
0.54962016712033
0.548514904079253
0.559971141436266
0.552035607707738
0.548639408883559
0.55335583102972
0.554084005464646
0.55893286311249
0.574669700725199
0.592338125534337
0.573318511096
0.596334502892564
0.586876127315226
0.610808854245899
0.608291680346209
0.612662734706507
0.608858957031022
0.605128467127934
0.610261702001236
0.617520051623037
0.557428777144719
0.614133804649868
0.606840573038981
0.577244632720493
0.624174164545805
0.620915224107701
0.619434576869256
0.616674791260422
0.618853418144321
0.628672353221229
0.594766748787273
0.590488349120048
0.567337332696211
0.575335995057515
0.56144270975196
0.598948715513289
0.616925503514357
0.636630996817053
0.61575320876135
0.616227320632469
0.625590041561422
0.635588139373509
0.623610902501953
0.630146277548066
0.627688845710006
0.619771024501289
0.609256396565153
0.598398655000311
0.588732460653988
0.60196493325504
0.609447413015588
0.568095657716962
0.514335655669199
0.615682601049287
0.604985745226744
0.578916511743965
0.607333063016945
0.58656836116008
0.598923296737462
0.584534236767526
0.610153288918031
0.592739883908785
0.566712007081672
0.602027198238235
0.611395679661959
0.624513259787178
0.592022885492542
0.634412846225583
0.632125058946818
0.628946408700698
0.623335554910016
0.636703606192337
0.621154777378172
0.649466930397938
0.621184088547049
0.64062066786225
0.645565118755475
0.640446680308753
0.622175647192023
0.640930270868461
0.664509375196761
0.631905618960713
0.661773400808917
0.662182220450549
0.655945773644428
0.672353139870182
0.678396603180642
0.668289997094589
0.673447668129572
0.660653987907635
0.644716235362301
0.672319852482183
0.681371612396823
0.676035023094086
0.681777204437521
0.682595085425045
0.682927766772379
0.676008738585066
0.67346538797313
0.679383046254078
0.68215562880668
0.681213036008225
0.675182654337059
0.673198787979075
0.676197301337508
0.673344567538498
0.685309887067987
0.687594500255138
0.684929470858928
0.68450341463051
0.668676960290939
0.688504489102123
0.679662607340415
0.685168238339267
0.683896759623353
0.686876284387562
0.686356261161935
0.682564984997557
0.693324506039316
0.675997183621406
0.688218372226136
0.683971090998989
0.696797108196737
0.698179953499741
0.69145975863653
0.695099521424195
0.687935203973105
0.694482075391998
0.697367514176417
0.694229930762351
0.695114454284811
0.695774126388641
0.70453770876281
0.709870776634019
0.700179803868503
0.70500457011305
0.696210305721646
0.699825212412395
0.705914349267633
0.70372508509237
0.691868145501197
0.707445477533527
0.691217791240742
0.711572038615998
0.704936128900318
0.7090425311608
0.684181727795631
0.686669518526679
0.691665623777478
0.70075669420932
0.706052595647686
0.696809840250579
0.696307170550845
0.695091607088847
0.683891969157092
0.68888441304939
0.68532917344459
0.695340595012562
0.690165686544331
0.701683928540486
0.704158314489584
0.69747691888715
0.690454148587135
0.699866569189232
0.700105897641611
0.698372575301374
0.708764515619244
0.686224493232091
0.714017497204409
0.706088342551632
0.721127168295221
0.703513146046923
0.72268581397589
0.715782471824306
0.715067986814032
0.678588735632962
0.715464162098807
0.706408812737311
0.700439397317224
0.705903436844969
0.692642383459064
0.70074370193684
0.704534889883252
0.683722351980032
0.697403498172588
0.68587846467364
0.703109465904638
0.711571966164731
0.71567210977472
0.691787221799667
0.723593400702753
0.688673129242495
0.707946520073358
0.700390941230491
0.707380882457929
0.697871205712443
0.702189641966318
0.695876239124221
0.690225604441757
0.713009633831482
0.725577931601344
0.734955749510521
0.725591110628154
0.732708994552183
0.723008902948963
0.728828382031232
0.729289019724773
0.724694671123747
0.720544374136498
0.732701908165752
0.725348161934478
0.734100717864665
0.729244451590799
0.739388940218418
0.736014930482045
0.741934535631195
0.740310320818633
0.736333112190034
0.74260957320079
0.742696807582093
0.742261956644303
0.736031892370023
0.741224111303731
0.742302311620916
0.735022944379433
0.743487760867921
0.744000551168254
0.742927246136611
0.743376186319449
0.738959243483314
0.745135038288769
0.74287485724744
0.734461272869138
0.743138390084222
0.738814407014364
0.746207642650434
0.747378701677333
0.744770828883057
0.750294413182208
0.734094874838909
0.738924381264926
0.737950429221051
0.743304397540597
0.734236337116974
0.742687150528279
0.739148490386382
0.733804571293361
0.71508264738025
0.722636679896261
0.739187569609513
0.737581606589637
0.72618851180918
0.729369990450252
0.731714395265394
0.723448177502236
0.727915234391995
0.727921868053632
0.729604015219066
0.727448933338224
0.731317429227013
0.734876069386379
0.730362613836553
0.731787674979021
0.735025588804121
0.724960510852396
0.709944715758096
0.73101626647231
0.717710356545127
0.728625056818664
0.723175631872286
0.730594109317292
0.737263941864679
0.739100837136846
0.722044067172804
0.734384401560825
0.732343087339935
0.720403391770447
0.745400951228686
0.731956915467874
0.734906177251637
0.698912863700509
0.730047100658129
0.730296475927587
0.714826680720955
0.729694383194129
0.703704700241583
0.734878469053801
0.741631748295876
0.731569478136629
0.730786682425172
0.741846652438571
0.737087421743452
0.746573559762623
0.74549643145898
0.741094613698345
0.743116676890988
0.738402156560682
0.736224686679329
0.745060355435141
0.7453447303943
0.736524524924285
0.748972913555391
0.738803206505961
0.749091088556079
0.747580151226566
0.748393846314822
0.748376326700108
0.741048249898821
0.748210180024832
0.74702994480355
0.743786485177325
0.75186890278081
0.746646616764423
0.749267386068426
0.746150049420865
0.749921770942077
0.749788661781588
0.745359240918759
0.747783357150155
0.747950009452101
0.733903342603778
0.737081862919956
0.738489743459524
0.728796532779226
0.747324225373083
0.748546869454983
0.737778779917305
0.741099344231879
0.750557530330159
0.73825628173869
0.746926501279671
0.73930343269102
0.749182030655982
0.748759228189696
0.743368949432286
0.748256452695264
0.744852399143147
0.746897006398268
0.746622823356944
0.744964937123512
0.749132220454755
0.746909079186988
0.749381189114384
0.748957151189157
0.748655122038176
0.737835746062363
0.747896135647317
0.746175938410324
0.745979572827235
0.728431822587951
0.737872811510009
0.729564747641957
0.742331959687509
0.735850010545117
0.740730109341844
0.730832002581395
0.720500910500243
0.743862264901403
0.744296004260562
0.736219362784725
0.747257297336352
0.749204613561562
0.744864354333038
0.743101459876733
0.74936437282004
0.74238569193408
0.750133171483543
0.748118590226256
0.735205722806977
0.750466933228648
0.742758243874925
0.745837539580248
0.748276963023274
0.738938041119033
0.74544475841128
0.734107131280689
0.744424865921865
0.742154710550807
0.740386956740019
0.731819420806542
0.746972849998767
0.74139855818441
0.743938728942724
0.738380338113504
0.746267284262268
0.742723863173603
0.737531451517791
0.738594526338918
0.699725728000306
0.741437204252265
0.735330140758905
0.728563492992072
0.745074880561722
0.741774071122728
0.733644081739591
0.745283487679454
0.747037307280239
0.735920225441496
0.746959652450361
0.744732837855181
0.736402984172833
0.744342806967811
0.74916284626515
0.746571986671116
0.746554230277803
0.73974993039965
0.739906983743079
0.736604138033899
0.744323588840438
0.740764180904672
0.7439193523332
0.73423493029383
0.732804938930469
0.741843687835695
0.737149756303063
0.743480291167227
0.729782892491065
0.718613512993034
0.736235491163514
0.713403829789904
0.723465777726623
0.710875511380034
0.727620633148683
0.732622863140968
0.721130616092892
0.728946041236856
0.729285709967833
0.733088689136543
0.727941244909309
0.734351072461034
0.733347756847718
0.738143770082604
0.735972737879966
0.741146703636798
0.739928296995384
0.738707053028844
0.741898544621197
0.739552225825809
0.73902390963668
0.739954816930412
0.73656290581781
0.737957214555297
0.733451585567914
0.736472059285199
0.734830490348459
0.738256805271883
0.732771813421038
0.73545654717125
0.734611200316004
0.73738677493669
0.735168025860482
0.733189840560672
0.73595511742634
0.720365589114254
0.738462536631359
0.735680237219035
0.727780738368344
0.739598711780924
0.737980110178642
0.741053755240601
0.739662530853216
0.742773034808223
0.735949158767904
0.739584928864187
0.742799452644515
0.744107669424838
0.740953160999962
0.737796248785243
0.734063861153222
0.744054479294298
0.742813385883547
0.740793200142951
0.742978879010566
0.738882195579771
0.736743284599109
0.733594601857353
0.739383057371288
0.742253862725789
0.707333493295593
0.739194674406144
0.730701126093311
0.734750795241505
0.739867096882775
0.734794395378759
0.732161412071644
0.745568421483888
0.744553601520813
0.748912985264237
0.750406696592435
0.748683265958496
0.743038108343858
0.745024721162806
0.746597728950543
0.744410175458999
0.736560454203609
0.746776388061516
0.729862879074483
0.727759443141207
0.746719169785091
0.746214880150964
0.746480011421949
0.744673129172949
0.750323201069449
0.748303514228087
0.749723072109264
0.749201431674031
0.747806074781973
0.751110163230161
0.746731962151676
0.745052040790781
0.749914748950294
0.744069716386184
0.751466001696725
0.747899619712342
0.747398349435586
0.749966299730869
0.749523335080283
0.74893406522008
0.747818268808764
0.750476161393676
0.745081639941246
0.752042509823096
0.751682002486197
0.74933546502687
0.750778617162176
0.751243214417955
0.751479359317666
0.748501498567539
0.737103554104926
0.750460644195134
0.751959715796277
0.743172988550547
0.744505531332193
0.752281851787484
0.749105927202989
0.752039093793509
0.750194399618966
0.748966150253424
0.740322456584332
0.751598350805494
0.749303113617524
0.746073006682145
0.730478025924606
0.750897030249163
0.75034297627105
0.750557236953086
0.734242962718423
0.749172111793872
0.729286644786501
0.741926933204631
0.749199800886559
0.747976366575041
0.750045548282021
0.745140016489361
0.745784135671604
0.728326651457129
0.746118432810414
0.748332117446404
0.743604444159986
0.749199522474238
0.738982806905809
0.74828012272273
0.747814322243541
0.747322754931911
0.750066104086297
0.749030912536227
0.750938395070965
0.748138264793172
0.751501774060085
0.745771539002795
0.744544598602873
0.75198540372294
0.75239045371529
0.736182786962086
0.751723519208724
0.751773294141637
0.749336944899852
0.748106968381068
0.748242540374689
0.751625688735499
0.75136627031121
0.744728237232495
0.74455822777672
0.751717869031551
0.747219133761792
0.745879404975003
0.747093660018509
0.743690106811387
0.742088838237898
0.739279404865282
0.75230190399774
0.746759943421035
0.749736376384434
0.751463737104042
0.751800464054953
0.749977594340099
0.751059284713775
0.743441413401214
0.751661454091428
0.749334252437117
0.738886113585689
0.747260760891944
0.75216960916239
0.748725980986724
0.743674708538747
0.752740890827531
0.751446501966509
0.751303978463865
0.744630496831844
0.750245117801329
0.746192033779861
0.724268438308231
0.74540562198138
0.731157647784709
0.751357415564155
0.748002213377748
0.750857397541686
0.748168768555643
0.744586599612834
0.750839253984881
0.743192620391862
0.751294707017959
0.749700501304326
0.742406178157653
0.74927345272284
0.751518590363658
0.742104639690798
0.747291917231715
0.745510963959283
0.74810755524391
0.744074990888343
0.744601815051951
0.736802179416077
0.744284774952053
0.740561057675541
0.734654089327013
0.744883594818243
0.744986018493105
0.74141453754894
0.740729858449945
0.741666526826768
0.744148455829425
0.739587817575143
0.744271136490044
0.743672233891405
0.746244567501676
0.741507779804467
0.740829533189008
0.74775759192077
0.747433302631764
0.74826598201886
0.737718602286549
0.747841916674809
0.746365458384523
0.746888084201073
0.746816281324391
0.742922630942831
0.748303965842936
0.746481822659013
0.752151792971408
0.752844593575264
0.748379419458034
0.748494319315056
0.751859934462827
0.745047572206222
0.751795110947521
0.750806244756566
0.736741377011242
0.733114963584231
0.747822698992129
0.745929583340768
0.732107422918465
0.747645248754257
0.75067312525763
0.751222780254907
0.749351148646134
0.747555890781397
0.746035309096598
0.751027604418133
0.74409093267727
0.750602935029381
0.739993892748046
0.748162865383037
0.748904536036579
0.749948923097384
0.748320597293376
0.749751179876663
0.75257793348434
0.731321332381784
0.751379486011313
0.750819531172183
0.751856165375134
0.746460071850402
0.748251070221422
0.743353339425647
0.74467493145618
0.725517726751578
0.737456703059956
0.737218042634202
0.722545201251907
0.741045021666239
0.738377823627822
0.741232157231837
0.733949751575551
0.742086381185953
0.731974786950965
0.73739953837702
0.731751181751004
0.73951609708307
0.742507289339286
0.741084390994561
0.729321177317985
0.743771141287855
0.743476294082632
0.744445023654102
0.731545118466227
0.732630337391422
0.733525324715506
0.738581906554638
0.744055499295269
0.734933519873398
0.741643367155184
0.726259907159968
0.733809101032601
0.729662085506615
0.7279246442225
0.730777798081571
0.739537402417467
0.742393776846161
0.717470192745701
0.724827655755932
0.726363452725177
0.687187690439427
0.571399833097151
0.729615242640804
0.716600081342569
0.71125719750414
0.692780158225431
0.712416661967978
0.684023520109708
0.694273494048572
0.735631229759535
0.669517790656229
0.677541302412617
0.750661329696787
0.745806052530698
0.74140721713353
0.69951303157667
0.71930170069596
0.589305491685565
0.741111707614225
0.744490026082404
0.71101353468398
0.734902606661803
0.735376504814804
0.710745691527517
0.68372797346658
0.740457914328075
0.714274287451804
0.721252110353479
0.7194276242813
0.712711818403594
0.735780638104228
0.730439551176681
0.72152767715742
0.722901238384725
0.551941060949864
0.734994730426177
0.681887392673068
0.6226405656133
0.741344586895261
0.481486822160082
0.731286333534057
0.72731497546988
0.665131784271327
0.722828505981619
0.743106926783561
0.695061768994774
0.738931693242273
0.601111930490855
0.739792962091757
0.389104760121377
0.523084078950867
0.708400276793285
0.74506254824769
0.738387422005573
0.738684945713476
0.730947544828507
0.660345748159139
0.708463359661349
0.741781627561404
0.706828846644175
0.709439812052739
0.664141284959471
0.731459939933284
0.728032737980492
0.722023366960233
0.74344283961973
0.736896029545678
0.738280454704021
0.725256631308313
0.523422629157467
0.704125147615861
0.725917535315971
0.721602991615387
0.708839213010331
0.629904111988115
0.744109041672456
0.703020552674246
0.510700522361
0.746221981545172
0.721749019810803
0.742847646814184
0.74048810014692
0.731130678211889
0.696341399222402
0.683322988371142
0.745612877018267
0.750887844540669
0.71359238304511
0.734070653778375
0.731952384332034
0.72493709917357
0.711811542395546
0.726406972788582
0.740244334799622
0.736405656573714
0.742197625535553
0.730797877466427
0.718408536051512
0.739289845515623
0.735847710162779
0.734858966957137
0.717908496480158
0.72665862620099
0.743800636514973
0.725080659248198
0.732143093901778
0.677852961012791
0.698952372439302
0.644656310050491
0.409101826721747
0.656764392594749
0.734582911705251
0.708827267622856
0.687628978692004
0.7140141164131
0.709089316273646
0.682084215148622
0.724346052926436
0.744334602500537
0.587168577240257
0.737188897356996
0.655173853923322
0.658800681616854
0.64744506133728
0.738160067584086
0.672676353688614
0.735255700063144
0.728515112779955
0.744235950181096
0.651455153790809
0.745058073679982
0.739369790518363
0.6998040347941
0.744208506810963
0.63859163780642
0.659909577849995
0.453416235187833
0.729179486268419
0.714312942609925
0.714999593724458
0.735941853560008
0.732413929053666
0.700570830085679
0.68827071894209
0.737385606768833
0.73906560363252
0.734850927361061
0.732097426492974
0.646850148004088
0.704359758331994
0.747533083942771
0.740443621163507
0.545425511376451
0.71383798893166
0.651546514335479
0.658752326168868
0.493440361555687
0.698862493657241
0.725338019539039
0.714931448553612
0.743601831778374
0.744658030614179
0.730051432113008
0.732013442017457
0.745705906678485
0.713424902837657
0.735257625165906
0.707026979814092
0.733727151999236
0.742043928146972
0.744149453385004
0.741151846761055
0.599031640782967
0.491825688628067
0.745000531243778
0.700977380884357
0.691703877317599
0.737827064440189
0.727400703546008
0.728479425003367
0.733030467570633
0.67780525111327
0.719664066426987
0.712044780351174
0.739114241416231
0.653345456658467
0.676627994694799
0.695720067462783
0.518425801904901
0.272949580322089
0.731315745401549
0.735248417720403
0.71510897065666
0.61291892338856
0.731091453235551
0.728465966281513
0.740045000831384
0.74164306888491
0.736518717532871
0.745557802054798
0.723079588958133
0.673876419678181
0.708547725558642
0.738893779193878
0.734054877428756
0.718073051774278
0.727541506751471
0.723773539263405
0.686019819252189
0.650098592494589
0.713889122683554
0.706761978923369
0.605035358222533
0.704854571379675
0.653410223833299
0.662895903092564
0.626744326107506
0.716748340837716
0.602191767748624
0.728051318249173
0.74094548894416
0.751708371820488
0.72687818755427
0.746694787669814
0.749841715156478
0.750395725383513
0.734794775040084
0.725600740230579
0.694101303038055
0.72542819547101
0.734519569419423
0.726567450016114
0.716208652214001
0.75058946220044
0.704997422634225
0.718994956677368
0.661176234367527
0.732455513065005
0.729241901045079
0.715762527689561
0.728575044016058
0.710377798865439
0.74025376635895
0.740877011077754
0.721765565891
0.741890357218653
0.752028047787625
0.606062203476592
0.749361819109108
0.737177426252193
0.728408534063542
0.714404791851047
0.661613342927661
0.715175054113581
0.733049070986633
0.733008119265268
0.745684797650698
0.731265320043895
0.616683089759101
0.729993817898641
0.730781403351907
0.700699794200312
0.698334381811556
0.743238696375426
0.661371431967182
0.674399775880904
0.66458230799876
0.536220183753039
0.676942184700271
0.713581097552379
0.714442316197589
0.731746888572408
0.732086837986589
0.732972479610243
0.724555656727866
0.728328328695604
0.737595997310576
0.589269702366421
0.745627708659241
0.736622329108427
0.739927024776484
0.649929850307648
0.72533315206356
0.745824000386406
0.671151554772319
0.73137913671457
0.486962330024563
0.697516663550269
0.685425879631529
0.748383031793372
0.698616199675917
0.605127046481286
0.748190643139649
0.732309424371904
0.693082650374011
0.719548950816519
0.63750164986339
0.716283624087492
0.288147465799859
0.66502645518231
0.726632875462495
0.697676527223761
0.746392213838733
0.481453265507371
0.696495243489049
0.715344456573414
0.736076678836178
0.679268684444117
0.710540833241614
0.737407057019279
0.700198937749043
0.737723120004523
0.731913966585484
0.698939196337556
0.742183011528231
0.722909108355689
0.708372632587823
0.718898372322031
0.699826707696792
0.749978168619589
0.710494237584483
0.731182612742961
0.715963319888219
0.741281920750416
0.708430125566327
0.6331369538822
0.751725192081217
0.732608864655846
0.73551409254229
0.740083847494023
0.747595396211026
0.723462653279256
0.685614188807578
0.70401646421453
0.719951299263294
0.739250535703216
0.738984109402816
0.711608546191815
0.689541351507193
0.736442211617601
0.713920062133981
0.742755347602403
0.724035179255207
0.669093946897446
0.738114442618026
0.727090034731682
0.743000969892313
0.751162836596643
0.699114287612998
0.670946037869632
0.719977817583726
0.708819496668015
0.636985411575539
0.712549876681622
0.652818070263907
0.703703982327718
0.743768136448907
0.596483097627935
0.71385763567511
0.629005888820287
0.725583841616526
0.712159204722036
0.730883551561124
0.7309835763013
0.632845853633851
0.698521211839695
0.732667919343935
0.539140672252344
0.700596220155471
0.743766720254436
0.736418736775421
0.745320468190631
0.68207284712412
0.705512602166974
0.729052401538062
0.73680989559297
0.67436414674341
0.741146269328192
0.70371612718234
0.735570596350057
0.704568154706306
0.654846794219963
0.733766378610401
0.622257510631214
0.726033740821055
0.735137552289984
0.710199805678302
0.654652504302208
0.709161779830447
0.640393765037157
0.733379644703536
0.712549554932272
0.74385798430304
0.721835820637541
0.701953731243712
0.709816798461654
0.712079681195148
0.694596514274235
0.698827903524452
0.71319823951003
0.627044698698054
0.74191050214078
0.712657790605397
0.653332055101451
0.709269288805616
0.716206537005268
0.708653574051161
0.742722408510526
0.72117741862663
0.719384722099423
0.682515131722337
0.738177165537891
0.594808295564213
0.750023186848761
0.732107254374811
0.707635957373648
0.727638575983984
0.671573573612445
0.745783418846799
0.696185982292645
0.721965365352995
0.711874321994097
0.719697161516594
0.708291090545167
0.682680994811252
0.74942826170148
0.724551435012798
0.694548945681629
0.741288728288628
0.72420760373747
0.718989716863547
0.721452566412403
0.718510073684295
0.739585910584665
0.678437409505938
0.722694180483251
0.73148539789776
0.736851537475711
0.691416574537897
0.73588531990142
0.683093071229708
0.746991576573113
0.714935193763555
0.681549477553967
0.733892631566051
0.679404710128445
0.703661090674295
0.726409856301316
0.68092874378354
0.616300723843778
0.636453325364435
0.695675653652458
0.671799499333803
0.681010991774956
0.574360307578255
0.683199898928619
0.730156483528262
0.611329831688128
0.72355748776605
0.575052057417481
0.727520832394857
0.718146543912114
0.748639999808583
0.748533872746349
0.742237517738646
0.728830203174944
0.721851119686785
0.731361639603114
0.740598159305806
0.736251779857432
0.727006286140673
0.639657885490002
0.733980582094089
0.7029126812552
0.68954668689384
0.742880501524717
0.743837757725136
0.734303051227401
0.741174232599014
0.739831022770436
0.693982097513654
0.713037753850366
0.707096011719114
0.693384290389276
0.724790965804841
0.716754202843679
0.735656694724589
0.705951730986353
0.720104410328225
0.741313392352307
0.730726253121583
0.748579423593486
0.749865420578747
0.737322397371168
0.738714624209514
0.751023339658768
0.739230558192499
0.730214111426395
0.748050760177624
0.727800043676699
0.746401987851304
0.744911087351469
0.750166721960328
0.742887507137976
0.751898214598938
0.74131067282775
0.750315185055851
0.751122153565521
0.740698603766107
0.71690766122752
0.749882636029145
0.749195617722263
0.747611586348301
0.74627755024266
0.726799668401408
0.74786330458647
0.733652759928594
0.73648036017932
0.736996612793243
0.743837031633728
0.747560887382387
0.747502827876654
0.74241313226492
0.737392621506102
0.748500695536312
0.739692284201595
0.745722802719
0.73256498465061
0.750457652648927
0.689512824506174
0.743987877377561
0.751765244471068
0.740579344518221
0.749766670182837
0.737172625284512
0.742212997584072
0.746536343382695
0.742078076787384
0.744757205549061
0.749361576236602
0.751445981222311
0.744005201413144
0.739854054613342
0.744192937944365
0.746979840670315
0.745220213435283
0.745592152900185
0.674987746573303
0.734218624122593
0.722020715984016
0.726422237294262
0.740719276726484
0.739793842538056
0.740523893919588
0.75078055702726
0.745308657975131
0.732793780769708
0.740767901396689
0.671480971612038
0.678279747688092
0.748393818677861
0.73742269296543
0.749698151990312
0.746218574582254
0.729142310179067
0.73886298590665
0.730157647713535
0.728862299657536
0.744239373383206
0.740052168724655
0.7433243598965
0.745979766733361
0.737704393358558
0.744345887376855
0.690495013046782
0.733825186882391
0.744352336700032
0.732676416883041
0.741442132304331
0.745901238622075
0.750334974525777
0.740453298176812
0.752196997454273
0.750175041016934
0.746644374546821
0.749270446406439
0.747433170718232
0.742498707223462
0.737334128346566
0.748786550183208
0.729490259760321
0.748667244740136
0.748496282616957
0.725183086236048
0.718358773753212
0.735607946711871
0.730834204925288
0.744448382349679
0.743785502115252
0.747273409093107
0.741258128539919
0.694509457680754
0.742573594795054
0.745098547053584
0.738482130228601
0.74719009569406
0.74791392848027
0.734796197917688
0.730662976762056
0.746262074726729
0.749132329852309
0.739336801157757
0.747149782630055
0.736468361262745
0.75128389190037
0.750561091344527
0.735037299438868
0.71438918084763
0.74415292615099
0.741629474130782
0.746153122847173
0.750814284877878
0.749458469265569
0.72726596789716
0.740876168076439
0.731230903514341
0.710059717243497
0.736662762596241
0.74836487156072
0.742700839826355
0.743801654722955
0.742035339412999
0.733568393936422
0.74174084244327
0.752450721537228
0.731033541906166
0.748396296098325
0.751651923894863
0.745302494731367
0.736948877153552
0.745787369733005
0.747913372753403
0.740685818511077
0.747916200100482
0.748963357990576
0.741290102353085
0.748512982062458
0.735987285863849
0.738306296779856
0.744864593551349
0.747265444317827
0.752549715406182
0.749353466819407
0.746102364126558
0.74535037906121
0.698813540276533
0.751528519612709
0.735516634394447
0.750572541269309
0.745405488141162
0.743094810081776
0.74439637352119
0.736736165659904
0.752839296784312
0.743053966941361
0.750703813453762
0.751563071610975
0.751218105627119
0.748893849787568
0.751747008984883
0.726967597325971
0.749389868821514
0.744336884417991
0.739549994009552
0.749466350167797
0.736417831670664
0.750408403430923
0.731951459961664
0.73280858484097
0.743413231317088
0.752875866685969
0.747929590495643
0.752487483318591
0.743365575690456
0.748367917077978
0.637259289926787
0.741125343126298
0.727259079477399
0.731734541481843
0.745163279569119
0.732803462017492
0.726794061300757
0.74818159650507
0.747981199284301
0.727521205549625
0.752549666845701
0.745791568035134
0.73700861762472
0.748218576050333
0.744313767855702
0.744228125038187
0.744062042128937
0.73122347173918
0.750418705021246
0.749312395308399
0.746033475941002
0.731946812497189
0.74758044146747
0.731091438468002
0.744364235389031
0.741256117618562
0.737931614526649
0.744973992605104
0.75175366295368
0.751565880595198
0.745409945836856
0.739632191763258
0.736848917938923
0.746885340329907
0.736949333415814
0.752197782066957
0.744726395219677
0.712427636102885
0.749673056950547
0.742246344458244
0.741415974630824
0.737335319839439
0.745841406103079
0.743561186272549
0.748793229441057
0.7403103929091
0.743711312815033
0.741152799666906
0.742612307761912
0.750358242554668
0.729780279506212
0.74482081610275
0.746803095781573
0.719765674057804
0.748333237860924
0.74503680166965
0.739273962124021
0.744209728466996
0.732843145458941
0.745839412234355
0.742143308194683
0.747475205560213
0.751829982909576
0.736085747411901
0.747069213319052
0.73945990206788
0.750355267954716
0.744755595112973
0.747539430474551
0.732852564647411
0.742030987223577
0.729340906816061
0.740541535209377
0.744879665668928
0.743573540322193
0.748082097398598
0.740380334941751
0.744254783067108
0.696629737910192
0.726879827598461
0.734386684507388
0.732984736646785
0.739466599123913
0.727745072126138
0.728598200857729
0.743386439178081
0.739019369773485
0.748622015766053
0.744139789437322
0.748608650914469
0.743234264875465
0.751681572365543
0.741865598852748
0.741514929017418
0.734449657928332
0.7377030696387
0.737903935018663
0.742153588783584
0.745656695892652
0.717492210748668
0.741591920285688
0.664215922595037
0.734802777270804
0.73642301722185
0.737926817968989
0.748043252258979
0.746025985997585
0.746282359310501
0.746684297670233
0.748811122657775
0.745155864985041
0.744828179126977
0.731034420990986
0.749802207698892
0.725872203580657
0.749419007033247
0.750335853601479
0.748000856969654
0.739820299723014
0.738442982407589
0.722708360300531
0.735534299606519
0.746306503298867
0.729609772654981
0.744915502329603
0.744590161863334
0.746746967206572
0.74165890268858
0.737160016329283
0.740239138155796
0.737538173382553
0.75309379449695
0.732944841536079
0.741942023075543
0.743018907831717
0.729387678176841
0.745138491614782
0.737498694844155
0.736242050335931
0.743645995227588
0.745038922354041
0.701770484520844
0.74262411197195
0.726961559367372
0.74664330967454
0.747825410314521
0.734809706290861
0.741013997129474
0.739348358217851
0.747681946814512
0.745757096013045
0.734442270580893
0.741277878426752
0.721023632022848
0.741474092065689
0.750039319812114
0.743265796013866
0.750513012518404
0.747868402535483
0.739745450286494
0.740945611666843
0.725592715729694
0.746126483763834
0.749217962448277
0.749558120243685
0.734944799989305
0.752428030585579
0.747102555822975
0.739464617660246
0.740575734710358
0.743667275645223
0.745147031637358
0.740602213238009
0.739689846637621
0.728325306298717
0.738794694846779
0.752274138701146
0.751358688744405
0.745017279432926
0.746761637644203
0.75049165353706
0.729331995928443
0.748149997190441
0.749395660385336
0.746051605015465
0.746766477689329
0.744207240263597
0.749448932348315
0.74602345296346
0.743878996721564
0.745274886691686
0.745549514542893
0.745185728448447
0.749583305157145
0.744697505829454
0.739738502489725
0.729050194290767
0.721924679561478
0.748607771814066
0.741148048463077
0.745353095887304
0.744499593245804
0.743723841963209
0.730382690441453
0.746907227286444
0.733301506112799
0.750476227966952
0.741559225024442
0.740921379147473
0.749649079426684
0.745264808243572
0.745109159338976
0.749438357255442
0.723795289937156
0.724142631564857
0.750100222802351
0.74614530145105
0.739202391794016
0.750055583486552
0.748818676317747
0.70563929082197
0.742238437771242
0.738000947722697
0.751830855258418
0.74448367459745
0.742500859372551
0.744447168010801
0.748789851622554
0.74932242661517
0.746751950890644
0.746443693307209
0.743020398599604
0.733618873576001
0.721858828198225
0.743106560128564
0.730589389739147
0.730483275609573
0.745906365071885
0.741794897331192
0.744139354248392
0.73613447021242
0.749003892746646
0.752822668677337
0.741962833555672
0.742028073011559
0.741171513729721
0.723005679619566
0.741607953803412
0.741112819746833
0.739775505751832
0.745920154533835
0.743448139428903
0.734289806365695
0.735406214232974
0.737412351557205
0.737387718769417
0.749485051033565
0.748167842523402
0.75031128751642
0.748491600606218
0.748177220440908
0.744876030247076
0.74843665583626
0.738290148067111
0.727322901810463
0.713841448793764
0.747102345381166
0.732480174782995
0.746607386585886
0.74906163300766
0.746869728019841
0.74231794668916
0.745480424657643
0.74581014986472
0.741984312053467
0.750671702006526
0.733374423176321
0.721468674171586
0.750496494802362
0.738584622636214
0.746249990252661
0.746915348541094
0.741518973413834
0.717918045894483
0.74517477635058
0.741297094415139
0.731589421829543
0.748873066521057
0.744395880355197
0.748311185301074
0.751607221005143
0.746705194674254
0.728514022043101
0.746104643389087
0.748494947807476
0.748482162810982
0.751277115969504
0.747548564326944
0.751460418935255
0.748274431025546
0.749293946639628
0.748934656961552
0.730405500723307
0.728375047710886
0.747018075076015
