"V1"
-0.17748735312317
-0.180746572907547
-0.176447034296043
-0.173874155033707
-0.163808458180804
-0.17299747373997
-0.155617213594694
-0.162873153655622
-0.163295212365584
-0.161250555550959
-0.165348970630557
-0.147187811259503
-0.149804021753613
-0.159105925181172
-0.161904877857643
-0.135813106888037
-0.124830435417682
-0.107457965719443
-0.0944110647076823
-0.111305418552846
-0.0923748715129205
-0.105706062835971
0.0397756441391984
0.0256336350977241
0.0192251849204116
-5.80852638458751e-05
-0.00588399404369855
0.0153078092290019
0.00349090516681472
-0.026339767171117
0.0102158467189634
0.0443960689653725
-0.0822634482496947
0.0287356796446253
0.0429311054422629
0.0574992335179144
0.0567120321962307
0.151599625773066
0.150411189847948
0.114222830325051
0.148670773185993
0.177320493141003
0.178837354309805
0.152929145879486
0.165392726854266
0.172135436214774
0.174730032507902
0.163523397589708
0.127692649659937
0.190439941709825
0.16570151214107
0.161711170385351
0.175958291089995
0.14806363029157
0.160608841532586
0.16185400858176
0.19572254317878
0.197684872994011
0.215614053702494
0.317403427090192
0.36023396973258
0.382092030504992
0.390131709272794
0.408790132441753
0.39174273835305
0.354388679506866
0.354003491262118
0.379598217666991
0.393303222679465
0.305540362055564
0.417565799201414
0.421450628382228
0.412629812306336
0.424217484389066
0.423564072092458
0.396888876229832
0.406847529180635
0.403821479285906
0.428735599281949
0.411914977260219
0.424697820461269
0.401664899624314
0.418951207456769
0.408588115953355
0.424372968728384
0.39702912415611
0.414262477458094
0.393452810815396
0.415739645793776
0.411505650767049
0.419917049132781
0.415701727867179
0.419763668394593
0.413560223903999
0.422311750356375
0.414857718396228
0.410483418999991
0.41660078272401
0.39650515028248
0.412704052880466
0.407203566522417
0.415315443692833
0.404067094871063
0.40812522379365
0.408299569561795
0.401462728349296
0.409711614773555
0.413020100125477
0.408963546316014
0.384299856165382
0.409110811131999
0.406833846908672
0.387817738210964
0.405039328457747
0.390004143196372
0.39878969863198
0.393283824958183
0.411626030442095
0.369470118904925
0.403698456008034
0.421931044370054
0.386776309930992
0.435250776960727
0.431923356560423
0.391704388533204
0.438572075512794
0.410482285596912
0.438730035259774
0.440933647918559
0.421511115712876
0.434616037664097
0.426677925610663
0.40620146923721
0.432540827364976
0.438806355203505
0.415533694074549
0.435272126141815
0.396745454507298
0.429581419454726
0.397998585527493
0.360565067146233
0.406970316000618
0.40577510740796
0.382930774924217
0.399272956151304
0.423990667500366
0.429837549160859
0.429779812582287
0.386641581862539
0.417384312035611
0.391418806720171
0.436874316924606
0.427286852288381
0.428590716056338
0.437069732844251
0.450491216627159
0.441006694650648
0.437181870568677
0.447231351955591
0.440090174000362
0.376185033801502
0.446418009644476
0.429973115146122
0.446668508463313
0.417507685717343
0.450043948501049
0.423629078058942
0.398769157691459
0.418744892724663
0.428379806754875
0.408258115141523
0.447989589926928
0.4504182697106
0.445626617498283
0.470308766455571
0.414694174243791
0.486035829632867
0.444334113251284
0.501584029386462
0.49335046927134
0.500046399879656
0.496284867667338
0.494798963481518
0.500633409477796
0.443797513388296
0.492973553024044
0.503034855971849
0.489906472002366
0.504216928256529
0.499801785304959
0.483468823597247
0.511212276498533
0.514807170261644
0.490002009507992
0.510341572975459
0.502766498193256
0.483044408538226
0.496741265625862
0.485626409039493
0.488264310839219
0.471460216135672
0.496991449033218
0.498834542849777
0.451364875453462
0.480476621015997
0.469703320676147
0.438254275676138
0.455093467184976
0.433133022682174
0.466048518778821
0.448762736575644
0.450697337087636
0.418152467304868
0.495421780965286
0.486068373327795
0.481639244039709
0.4722562989558
0.483297103557629
0.484550295209188
0.470375427432636
0.492110175027065
0.51825001342719
0.506552010624963
0.506882598870346
0.466999302056703
0.51664085369056
0.51528797755736
0.517744810868847
0.50494091740746
0.523264752193915
0.514995120015904
0.506369172143036
0.519865791157758
0.498216901242946
0.515951965258375
0.509555031601682
0.495866277952689
0.503697841525356
0.478325117407014
0.518248603297359
0.496012496619144
0.516080506189791
0.516542519300171
0.521139486515928
0.519955743577309
0.514464748554662
0.518282033667464
0.504056180305834
0.50282082032494
0.471351973454979
0.505858772457304
0.485652335296719
0.477604822256236
0.511217990410497
0.512613792214496
0.489068812684539
0.485864032668151
0.508535423592592
0.508280541642393
0.519769916664805
0.523072329240076
0.514167403710331
0.516067101990167
0.450888112517619
0.512430913830118
0.506467792582697
0.520885577602475
0.487546919414474
0.546545015085312
0.554123263665148
0.549208461121728
0.534485770360467
0.555272023625468
0.532223894539751
0.499991238512146
0.552151464431109
0.569109278458266
0.548880935791929
0.54962016712033
0.548514904079253
0.559971141436266
0.552035607707738
0.548639408883559
0.55335583102972
0.554084005464646
0.55893286311249
0.574669700725199
0.592338125534337
0.573318511096
0.596334502892564
0.586876127315226
0.610808854245899
0.608291680346209
0.612662734706507
0.608858957031022
0.605128467127934
0.610261702001236
0.617520051623037
0.557428777144719
0.614133804649868
0.606840573038981
0.577244632720493
0.624174164545805
0.620915224107701
0.619434576869256
0.616674791260422
0.618853418144321
0.628672353221229
0.594766748787273
0.590488349120048
0.567337332696211
0.575335995057515
0.56144270975196
0.598948715513289
0.616925503514357
0.636630996817053
0.61575320876135
0.616227320632469
0.625590041561422
0.635588139373509
0.623610902501953
0.630146277548066
0.627688845710006
0.619771024501289
0.609256396565153
0.598398655000311
0.588732460653988
0.60196493325504
0.609447413015588
0.568095657716962
0.514335655669199
0.615682601049287
0.604985745226744
0.578916511743965
0.607333063016945
0.58656836116008
0.598923296737462
0.584534236767526
0.610153288918031
0.592739883908785
0.566712007081672
0.602027198238235
0.611395679661959
0.624513259787178
0.592022885492542
0.634412846225583
0.632125058946818
0.628946408700698
0.623335554910016
0.636703606192337
0.621154777378172
0.649466930397938
0.621184088547049
0.64062066786225
0.645565118755475
0.640446680308753
0.622175647192023
0.640930270868461
0.664509375196761
0.631905618960713
0.661773400808917
0.662182220450549
0.655945773644428
0.672353139870182
0.678396603180642
0.668289997094589
0.673447668129572
0.660653987907635
0.644716235362301
0.672319852482183
0.681371612396823
0.676035023094086
0.681777204437521
0.682595085425045
0.682927766772379
0.676008738585066
0.67346538797313
0.679383046254078
0.68215562880668
0.681213036008225
0.675182654337059
0.673198787979075
0.676197301337508
0.673344567538498
0.685309887067987
0.687594500255138
0.684929470858928
0.68450341463051
0.668676960290939
0.688504489102123
0.679662607340415
0.685168238339267
0.683896759623353
0.686876284387562
0.686356261161935
0.682564984997557
0.693324506039316
0.675997183621406
0.688218372226136
0.683971090998989
0.696797108196737
0.698179953499741
0.69145975863653
0.695099521424195
0.687935203973105
0.694482075391998
0.697367514176417
0.694229930762351
0.695114454284811
0.695774126388641
0.70453770876281
0.709870776634019
0.700179803868503
0.70500457011305
0.696210305721646
0.699825212412395
0.705914349267633
0.70372508509237
0.691868145501197
0.707445477533527
0.691217791240742
0.711572038615998
0.704936128900318
0.7090425311608
0.684181727795631
0.686669518526679
0.691665623777478
0.70075669420932
0.706052595647686
0.696809840250579
0.696307170550845
0.695091607088847
0.683891969157092
0.68888441304939
0.68532917344459
0.695340595012562
0.690165686544331
0.701683928540486
0.704158314489584
0.69747691888715
0.690454148587135
0.699866569189232
0.700105897641611
0.698372575301374
0.708764515619244
0.686224493232091
0.714017497204409
0.706088342551632
0.721127168295221
0.703513146046923
0.72268581397589
0.715782471824306
0.715067986814032
0.678588735632962
0.715464162098807
0.706408812737311
0.700439397317224
0.705903436844969
0.692642383459064
0.70074370193684
0.704534889883252
0.683722351980032
0.697403498172588
0.68587846467364
0.703109465904638
0.711571966164731
0.71567210977472
0.691787221799667
0.723593400702753
0.688673129242495
0.707946520073358
0.700390941230491
0.707380882457929
0.697871205712443
0.702189641966318
0.695876239124221
0.690225604441757
0.713009633831482
0.725577931601344
0.734955749510521
0.725591110628154
0.732708994552183
0.723008902948963
0.728828382031232
0.729289019724773
0.724694671123747
0.720544374136498
0.732701908165752
0.725348161934478
0.734100717864665
0.729244451590799
0.739388940218418
0.736014930482045
0.741934535631195
0.740310320818633
0.736333112190034
0.74260957320079
0.742696807582093
0.742261956644303
0.736031892370023
0.741224111303731
0.742302311620916
0.735022944379433
0.743487760867921
0.744000551168254
0.742927246136611
0.743376186319449
0.738959243483314
0.745135038288769
0.74287485724744
0.734461272869138
0.743138390084222
0.738814407014364
0.746207642650434
0.747378701677333
0.744770828883057
0.750294413182208
0.734094874838909
0.738924381264926
0.737950429221051
0.743304397540597
0.734236337116974
0.742687150528279
0.739148490386382
0.733804571293361
0.71508264738025
0.722636679896261
0.739187569609513
0.737581606589637
0.72618851180918
0.729369990450252
0.731714395265394
0.723448177502236
0.727915234391995
0.727921868053632
0.729604015219066
0.727448933338224
0.731317429227013
0.734876069386379
0.730362613836553
0.731787674979021
0.735025588804121
0.724960510852396
0.709944715758096
0.73101626647231
0.717710356545127
0.728625056818664
0.723175631872286
0.730594109317292
0.737263941864679
0.739100837136846
0.722044067172804
0.734384401560825
0.732343087339935
0.720403391770447
0.745400951228686
0.731956915467874
0.734906177251637
0.698912863700509
0.730047100658129
0.730296475927587
0.714826680720955
0.729694383194129
0.703704700241583
0.734878469053801
0.741631748295876
0.731569478136629
0.730786682425172
0.741846652438571
0.737087421743452
0.746573559762623
0.74549643145898
0.741094613698345
0.743116676890988
0.738402156560682
0.736224686679329
0.745060355435141
0.7453447303943
0.736524524924285
0.748972913555391
0.738803206505961
0.749091088556079
0.747580151226566
0.748393846314822
0.748376326700108
0.741048249898821
0.748210180024832
0.74702994480355
0.743786485177325
0.75186890278081
0.746646616764423
0.749267386068426
0.746150049420865
0.749921770942077
0.749788661781588
0.745359240918759
0.747783357150155
0.747950009452101
0.733903342603778
0.737081862919956
0.738489743459524
0.728796532779226
0.747324225373083
0.748546869454983
0.737778779917305
0.741099344231879
0.750557530330159
0.73825628173869
0.746926501279671
0.73930343269102
0.749182030655982
0.748759228189696
0.743368949432286
0.748256452695264
0.744852399143147
0.746897006398268
0.746622823356944
0.744964937123512
0.749132220454755
0.746909079186988
0.749381189114384
0.748957151189157
0.748655122038176
0.737835746062363
0.747896135647317
0.746175938410324
0.745979572827235
0.728431822587951
0.737872811510009
0.729564747641957
0.742331959687509
0.735850010545117
0.740730109341844
0.730832002581395
0.720500910500243
0.743862264901403
0.744296004260562
0.736219362784725
0.747257297336352
0.749204613561562
0.744864354333038
0.743101459876733
0.74936437282004
0.74238569193408
0.750133171483543
0.748118590226256
0.735205722806977
0.750466933228648
0.742758243874925
0.745837539580248
0.748276963023274
0.738938041119033
0.74544475841128
0.734107131280689
0.744424865921865
0.742154710550807
0.740386956740019
0.731819420806542
0.746972849998767
0.74139855818441
0.743938728942724
0.738380338113504
0.746267284262268
0.742723863173603
0.737531451517791
0.738594526338918
0.699725728000306
0.741437204252265
0.735330140758905
0.728563492992072
0.745074880561722
0.741774071122728
0.733644081739591
0.745283487679454
0.747037307280239
0.735920225441496
0.746959652450361
0.744732837855181
0.736402984172833
0.744342806967811
0.74916284626515
0.746571986671116
0.746554230277803
0.73974993039965
0.739906983743079
0.736604138033899
0.744323588840438
0.740764180904672
0.7439193523332
0.73423493029383
0.732804938930469
0.741843687835695
0.737149756303063
0.743480291167227
0.729782892491065
0.718613512993034
0.736235491163514
0.713403829789904
0.723465777726623
0.710875511380034
0.727620633148683
0.732622863140968
0.721130616092892
0.728946041236856
0.729285709967833
0.733088689136543
0.727941244909309
0.734351072461034
0.733347756847718
0.738143770082604
0.735972737879966
0.741146703636798
0.739928296995384
0.738707053028844
0.741898544621197
0.739552225825809
0.73902390963668
0.739954816930412
0.73656290581781
0.737957214555297
0.733451585567914
0.736472059285199
0.734830490348459
0.738256805271883
0.732771813421038
0.73545654717125
0.734611200316004
0.73738677493669
0.735168025860482
0.733189840560672
0.73595511742634
0.720365589114254
0.738462536631359
0.735680237219035
0.727780738368344
0.739598711780924
0.737980110178642
0.741053755240601
0.739662530853216
0.742773034808223
0.735949158767904
0.739584928864187
0.742799452644515
0.744107669424838
0.740953160999962
0.737796248785243
0.734063861153222
0.744054479294298
0.742813385883547
0.740793200142951
0.742978879010566
0.738882195579771
0.736743284599109
0.733594601857353
0.739383057371288
0.742253862725789
0.707333493295593
0.739194674406144
0.730701126093311
0.734750795241505
0.739867096882775
0.734794395378759
0.732161412071644
0.745568421483888
0.744553601520813
0.748912985264237
0.750406696592435
0.748683265958496
0.743038108343858
0.745024721162806
0.746597728950543
0.744410175458999
0.736560454203609
0.746776388061516
0.729862879074483
0.727759443141207
0.746719169785091
0.746214880150964
0.746480011421949
0.744673129172949
0.750323201069449
0.748303514228087
0.749723072109264
0.749201431674031
0.747806074781973
0.751110163230161
0.746731962151676
0.745052040790781
0.749914748950294
0.744069716386184
0.751466001696725
0.747899619712342
0.747398349435586
0.749966299730869
0.749523335080283
0.74893406522008
0.747818268808764
0.750476161393676
0.745081639941246
0.752042509823096
0.751682002486197
0.74933546502687
0.750778617162176
0.751243214417955
0.751479359317666
0.748501498567539
0.737103554104926
0.750460644195134
0.751959715796277
0.743172988550547
0.744505531332193
0.752281851787484
0.749105927202989
0.752039093793509
0.750194399618966
0.748966150253424
0.740322456584332
0.751598350805494
0.749303113617524
0.746073006682145
0.730478025924606
0.750897030249163
0.75034297627105
0.750557236953086
0.734242962718423
0.749172111793872
0.729286644786501
0.741926933204631
0.749199800886559
0.747976366575041
0.750045548282021
0.745140016489361
0.745784135671604
0.728326651457129
0.746118432810414
0.748332117446404
0.743604444159986
0.749199522474238
0.738982806905809
0.74828012272273
0.747814322243541
0.747322754931911
0.750066104086297
0.749030912536227
0.750938395070965
0.748138264793172
0.751501774060085
0.745771539002795
0.744544598602873
0.75198540372294
0.75239045371529
0.736182786962086
0.751723519208724
0.751773294141637
0.749336944899852
0.748106968381068
0.748242540374689
0.751625688735499
0.75136627031121
0.744728237232495
0.74455822777672
0.751717869031551
0.747219133761792
0.745879404975003
0.747093660018509
0.743690106811387
0.742088838237898
0.739279404865282
0.75230190399774
0.746759943421035
0.749736376384434
0.751463737104042
0.751800464054953
0.749977594340099
0.751059284713775
0.743441413401214
0.751661454091428
0.749334252437117
0.738886113585689
0.747260760891944
0.75216960916239
0.748725980986724
0.743674708538747
0.752740890827531
0.751446501966509
0.751303978463865
0.744630496831844
0.750245117801329
0.746192033779861
0.724268438308231
0.74540562198138
0.731157647784709
0.751357415564155
0.748002213377748
0.750857397541686
0.748168768555643
0.744586599612834
0.750839253984881
0.743192620391862
0.751294707017959
0.749700501304326
0.742406178157653
0.74927345272284
0.751518590363658
0.742104639690798
0.747291917231715
0.745510963959283
0.74810755524391
0.744074990888343
0.744601815051951
0.736802179416077
0.744284774952053
0.740561057675541
0.734654089327013
0.744883594818243
0.744986018493105
0.74141453754894
0.740729858449945
0.741666526826768
0.744148455829425
0.739587817575143
0.744271136490044
0.743672233891405
0.746244567501676
0.741507779804467
0.740829533189008
0.74775759192077
0.747433302631764
0.74826598201886
0.737718602286549
0.747841916674809
0.746365458384523
0.746888084201073
0.746816281324391
0.742922630942831
0.748303965842936
0.746481822659013
0.752151792971408
0.752844593575264
0.748379419458034
0.748494319315056
0.751859934462827
0.745047572206222
0.751795110947521
0.750806244756566
0.736741377011242
0.733114963584231
0.747822698992129
0.745929583340768
0.732107422918465
0.747645248754257
0.75067312525763
0.751222780254907
0.749351148646134
0.747555890781397
0.746035309096598
0.751027604418133
0.74409093267727
0.750602935029381
0.739993892748046
0.748162865383037
0.748904536036579
0.749948923097384
0.748320597293376
0.749751179876663
0.75257793348434
0.731321332381784
0.751379486011313
0.750819531172183
0.751856165375134
0.746460071850402
0.748251070221422
0.743353339425647
0.74467493145618
0.725517726751578
0.737456703059956
0.737218042634202
0.722545201251907
0.741045021666239
0.738377823627822
0.741232157231837
0.733949751575551
0.742086381185953
0.731974786950965
0.73739953837702
0.731751181751004
0.73951609708307
0.742507289339286
0.741084390994561
0.729321177317985
0.743771141287855
0.743476294082632
0.744445023654102
0.731545118466227
0.732630337391422
0.733525324715506
0.738581906554638
0.744055499295269
0.734933519873398
0.741643367155184
0.745946961201348
0.731445286271906
0.73110466638306
0.694822017167895
0.668933258399703
0.685797279144451
0.718804709631155
0.663902305347353
0.65981631680913
0.7025819266311
0.669441400235491
0.634496668810334
0.72336625746602
0.723353412417735
0.614390452954067
0.607503514493965
0.673050060065716
0.628711900601645
0.664171953143776
0.550907508807618
0.61084788164832
0.66757213732487
0.683457793284376
0.561345963915284
0.642258793583949
0.659250718923839
0.597146420979457
0.665880751001122
0.657478710182255
0.513247649895192
0.657536519780231
0.675869852949851
0.685459541477312
0.634604339564681
0.462877866149167
0.671814760398747
0.637506988208883
0.639413148113537
0.659493738815643
0.672592644961688
0.640562497498364
0.689427812171756
0.687782942745771
0.56756658855956
0.643886848619049
0.709634530942506
0.665977427212358
0.73514701335482
0.704433046876266
0.601807159445909
0.722531959565981
0.743839476703283
0.65710614959078
0.73973606266133
0.735981015721523
0.720823146013764
0.714447085940514
0.688400359317159
0.690126742231541
0.684156419153443
0.715862299112267
0.71436060090761
0.71461341799367
0.735650921335892
0.729291449986605
0.711390079546818
0.704673799745511
0.735088779130787
0.745534184683315
0.735340898143059
0.640805244630867
0.748834524653271
0.724376758613389
0.737626331304443
0.725418457404758
0.664049226225899
0.691668026682953
0.66801380993335
0.667533348774867
0.701901143530398
0.714346270003294
0.735524945093814
0.719604859360184
0.339859170470931
0.719483050709593
0.710849645445956
0.701785870700151
0.661776100411337
0.69338622330437
0.682776255419952
0.69776344244445
0.714646974115992
0.662119830264502
0.72987998927669
0.716723456681332
0.708712787850719
0.704420843958448
0.718078916377775
0.740223875340966
0.641740258606054
0.588491367065802
0.651315614900824
0.739065747312914
0.701306058156021
0.714000381374225
0.656849957461253
0.711773376764301
0.698333872039991
0.703036832335598
0.523211279974129
0.683036708228548
0.653132906816596
0.661070475845958
0.715415137881521
0.67800983961816
0.706790939330675
0.677799973908916
0.722497645827818
0.68546705773949
0.734865698193481
0.691624062188102
0.726362065004666
0.744925514499882
0.734277352654431
0.691335475698534
0.683849867082051
0.728381021160093
0.708136716545187
0.736311123042315
0.72675736342802
0.692004434662258
0.738332508984624
0.733970811869743
0.708792912597295
0.696544260799561
0.698577324875258
0.675925585488242
0.590928254406158
0.558034078026774
0.693930972693194
0.707434116287082
0.729696960209081
0.680991001235843
0.650090912610603
0.735712667222392
0.737792650776521
0.692832101827509
0.681118716691919
0.740232935139446
0.722326595918391
0.724628409715888
0.707667892948426
0.702493674066604
0.694576701424517
0.686198692344032
0.71354967888152
0.706331631459203
0.734439572094653
0.723750603606143
0.658069780203685
0.701635183731358
0.624855549351806
0.71461820577658
0.634236659897311
0.539764657144942
0.564222833785287
0.618731912579759
0.572421318667613
0.591172779472396
0.664359988406547
0.723120751126197
0.630009888718594
0.582445991813489
0.728466043597293
0.658153248938501
0.585386286072358
0.551554805482228
0.685994365573776
0.666628493491429
0.68172783121077
0.604004581198371
0.638618772016724
0.555971458640917
0.608804365652786
0.530726770314295
0.635700046807824
0.718515304403085
0.71080781665911
0.643269675467049
0.69442750152054
0.564093267249185
0.662085001118157
0.617365281552428
0.61233741465924
0.551612250863208
0.630660050291687
0.605942197227349
0.596358505776656
0.66885300210395
0.657254110229712
0.669990795286035
0.59563078791123
0.617833006752101
0.491445935751031
0.61020187740181
0.641694409435277
0.636684414093773
0.553420396081099
0.617190648558317
0.449434184209435
0.607386084633778
0.673072094913392
0.677433202922599
0.690438878043012
0.619569414682478
0.59621790643553
0.37885867813387
0.719180523481895
0.539445511440811
0.664798755820698
0.631108682124867
0.637312781120163
0.591896113799901
0.425720152778477
0.517449713739565
0.489424996035443
0.567016400715822
0.56228694650071
0.493582560877065
0.653433506240505
0.638541245482787
0.514556143276036
0.588584394247636
0.588427980207222
0.635411449554753
0.636525703659589
0.284930181903871
0.6521273987652
0.64331504840212
0.523351313322271
0.652398510979795
0.61570455872447
0.2255848690822
0.594480451476089
0.510126560352843
0.593058765920769
0.630044245014505
0.605895088882799
0.626771158694577
0.447791901460221
0.63650821056202
0.518788845715835
0.422871457094918
0.610497899619962
0.617910376574519
0.617910376574519
0.617910376574519
0.615822037159042
-0.0986796875817606
0.22662744532344
0.259052677362696
-0.0657619694768294
0.507433952927658
0.490670396390281
0.596576542205126
0.446950913168345
0.457305384249616
-0.162841190763069
0.276384765057414
0.401626298987713
0.375642209108451
0.622951179808939
0.630556320931724
0.555395880585218
0.642508930734785
0.535122290308593
0.608007059701841
0.601967390019426
0.630172579015935
0.601311335488834
0.445176173216071
0.617422328216086
0.521450251637622
0.262741580274012
0.635991884174397
0.636235960763936
0.610318625057581
0.652166353914253
0.574811972049293
0.633908542914362
0.656234220044603
0.633036515265348
0.612494333220877
0.666245867704825
0.663830292398435
0.619546101992718
0.673808484196454
0.519043112819652
0.543935952588608
0.433024890612733
-0.0171360554801883
0.637530294032455
0.462740252179079
0.550798022039304
0.359005695822031
0.58789413213729
0.662686671497491
0.549843897505812
0.694534932380634
0.673101552597452
0.660915231322086
0.695207471495197
0.156022213209322
0.699893784983964
0.567915233411434
0.609460950914642
0.449719148956296
0.655803777859289
0.60470802583065
0.656695006902499
0.336682658465622
0.568948630863743
0.607767235673309
0.607799412309306
0.616042571238079
0.644826048933551
0.662270239819111
0.694199830512822
0.439913149501168
0.670135497221692
0.701928651502589
0.672013320517787
0.688625197175346
0.684194544582942
0.564163911180029
0.615887306692855
0.637660067126674
0.634896516079402
0.388823464192145
0.68793687938851
0.673230434278493
0.654941176441202
0.669178529701905
0.674476858601045
0.688427186874658
0.571206321293079
0.320377671900603
0.3822865668514
0.227551530514363
0.500174525290664
0.680624557394312
0.604238147787084
0.705716331134504
0.692262890350039
0.569519529678614
0.634012071290463
0.711093040004888
0.680169455266603
0.503275804998362
0.581478516643323
0.604126393591513
0.525465768955198
0.55662988577012
0.646477092790911
0.488223002254433
0.687549271968867
0.577199074647178
0.613838372951902
0.607873986020075
0.536069185281938
0.583004301996701
0.535052587405669
0.39282317158098
0.573479512405707
0.0101694961754649
0.537025005990344
0.402154381610445
0.58096082475115
0.593070153379621
0.490516719197974
0.24135328098255
0.531968615961154
0.525117168901941
0.510733976995931
0.525765730506051
0.176454729417796
0.579948154353248
0.413348709832005
0.521409431298191
0.536386958006072
0.376585463864997
0.537054465898766
0.556479857600834
0.114702582725799
0.571201297522081
0.311924828571616
0.367443795037328
0.435850572677477
0.46019925300773
0.482676209148741
0.466128496372756
0.539257847831448
0.478288814081376
0.525250270689047
0.470326139678028
0.548598159923098
0.550088232814603
0.357405053252976
0.529271667794748
0.362393799177438
0.521540345973178
0.457162257083493
0.426121072243906
0.577791990093605
0.589522050275154
0.59025896982851
0.609584786131949
0.657180645952838
0.506607235881663
0.420284342377346
0.681418580078383
0.360304628400565
-0.056584586004131
0.504476603755906
0.594772789246702
0.563510760215215
0.53205125385219
0.554827251979167
0.588880432464991
0.612670833754404
0.663429455034995
0.65857193502307
0.645755660532009
0.632069225071136
0.63739035853729
0.654720697308156
0.602496886234985
0.644517225757817
0.479595362954113
0.649418738052298
0.312721159363549
0.646583487330146
0.696512648609133
0.479159764771668
0.462013263447984
0.632361460150096
0.574993420820862
0.552195809193652
0.612437872187494
0.583893963982035
0.558233202115911
0.435450979675179
0.635705701450889
0.545449726928569
0.540433737901535
0.576818398221001
0.128816784035731
0.49647435874317
0.181465989471258
0.361588672280117
0.323593791116935
0.337099987572481
0.356266064659472
-0.107968031245784
0.114032912484598
-0.323822706472094
-0.0857303862797698
0.0936938444914914
-0.0357414246233241
-0.0556760396450993
0.215201178469183
0.0701856824162784
0.40395824967673
0.67216408109483
0.654490961306609
0.66361472535908
0.638951439987311
0.196853700961545
0.538802555172305
0.38901855898488
0.512703288502966
0.56792179852279
0.576457859800314
-0.0739843342727762
0.586309855674032
0.548621222675979
0.585076342915727
0.374294628319248
0.609198829036574
0.326531266091577
0.377353080206182
0.612014045387494
0.58518164655013
0.612222112997443
0.429405648852701
0.61824436223323
0.59467914231732
0.525236481694463
0.615208019280195
0.581639094365652
0.580017495234392
0.547972061944095
0.440330862064688
0.6186120375678
0.659525762762773
0.570079956930101
0.670173751251783
0.644520704571336
0.656142535709538
0.642751101964819
0.656082544588353
0.693633032049721
0.713464286729216
0.714010416224817
0.0465874461352617
0.588831936744705
0.412456742679868
0.494779898204471
0.624826135983022
0.586846277008731
0.568179170600506
0.582320676010239
0.670659900703732
0.527634627123242
0.477414705208261
0.726439480919657
0.703603348803848
0.722551491359532
0.696455221596365
0.731271494001922
0.734134530753016
-0.387426617871918
0.730250760131472
0.618194106659194
0.200958828253799
0.732261732364172
0.722203242004227
0.658796557531216
0.665224786528876
0.569649884401868
0.658055787184807
0.626359440225547
0.629064642425765
0.595178380680627
0.689986767553922
0.67297946753863
-0.340895044073088
0.600429362968899
0.5231254937559
0.536086083294857
0.566715463357408
0.437454280224608
0.682096386268611
0.710724483033724
0.0722906975785527
0.707454163287475
0.0267985012444171
0.731769250949882
0.416565257426634
0.224978495948954
0.746189378287223
0.66458190098358
0.725016502187039
0.741470467023696
0.10209996225225
0.70721618824312
0.630121221902821
0.709832142595613
0.64387517651768
0.704826733902606
0.650559312050027
0.616977362915613
0.655805756738968
0.610194859904213
0.581267710354198
0.606018987673909
0.633836761303315
0.718270500770166
0.660855465648112
0.67930798985439
0.395388975147416
0.0214881011002098
0.631055200545693
0.625985278703049
0.650387001708489
0.582025452360268
0.636815231229033
0.53312501966522
0.549571333612118
0.640977802413984
0.432064190611456
0.576499473402209
0.634453931071882
0.568386316472495
0.489190916641472
0.621867509275014
0.639128199277414
0.368667788699695
0.3785723342219
-2.6589397342005
-0.0265879719240156
-0.0278771360536254
-0.0813732544430681
0.10353218887173
0.124899327312251
0.0387403287243407
0.371713951197664
0.194956209965295
0.397521154839452
0.545930645366012
0.556100876868854
0.108429798696403
0.608711243748907
0.636154382061365
0.624313657062756
0.47025621528338
0.610884865044149
0.376909383395474
-0.304536319622695
-0.0844731138340391
0.48758513672593
0.452335017572673
0.384475567163765
0.502394009322506
0.579799108784835
0.551044680944714
0.563354678774083
0.299749298216977
0.427080627735352
0.539994757791108
0.512889147604403
0.676037527040267
0.595463165000314
0.56791779066556
0.695404863018972
0.618671746266832
0.564193221770802
0.464543107794787
0.735478921452323
0.605232363136344
0.595570214537704
0.439849352373436
0.636832266291812
0.627596541161298
0.436594583620393
0.593017580407419
0.505058366300632
0.405014296680226
0.153787655061659
0.601202456448247
0.483632203912445
0.591999702984339
0.522647735389512
0.517721835905334
0.617754678099695
0.50412608127278
0.629683348613749
0.504300342951294
0.696495435846723
0.647631093367903
0.567019432698467
0.73315774398101
0.648681116018336
0.733789049630997
0.668999148440584
0.710293781908735
0.685921145928407
-0.147007483996558
0.627881127229043
0.679918805906316
0.649106115908925
0.657435914495144
0.686954917223919
0.710098635726062
0.613382828293238
0.540645286754759
0.687292526349263
0.540734170933533
0.589308724039705
0.469798767442947
0.344585397210852
0.661871114107507
-1.97945456146671
0.435032593570224
0.309655022410911
0.455722722662064
0.669534388031701
0.565971969778279
0.326024103316475
0.335917046668388
-0.0215873337106436
0.434375708893682
0.063059956809432
0.486727275043013
0.540926223230322
0.467016755116297
0.509209850126658
0.445978883142961
0.443831661219651
0.58691241460376
0.441813354152511
0.633435529343935
0.382628254342559
0.507010671180751
0.553764666195999
0.638257456304558
0.0713080645445376
0.691580779348102
0.136246829602004
0.663572714536254
0.355691878164009
0.6200238610261
0.495081394523908
0.692207868172491
0.666664176639434
0.410214607428409
0.557073947321243
0.517285641487097
0.51368220213324
0.629223959056127
0.456420897747539
-0.282651240898731
0.476046722474104
0.0588907857153508
0.595867330250787
0.527470092780811
0.634552153629968
0.58234760113124
0.637345103340707
0.725643777346779
0.590820963784176
0.640138547121794
0.573373489620644
0.645025139854509
0.679252231680438
0.574708166936453
0.704561353825626
0.740239655157984
0.668356972973714
0.54256492121355
0.727506230159394
0.407138529006811
0.721843773643823
0.70066957768216
0.547738004059446
0.698562825302077
0.6970784491598
0.647142991262877
0.553794757194525
0.664372665912622
0.536041818226604
0.408858929667627
0.564992321257186
0.534275128643969
0.553668839583088
0.534123577191217
0.57755896258337
0.58818317724124
0.580722781370312
0.405412694780013
0.63275014018243
0.260277818435777
0.283802870352712
0.152756115695163
0.595355334749348
0.363819652713714
0.582598865003857
0.469421735134378
0.580338868941017
0.632998297982448
0.717894410428505
0.742220560123187
0.734981409041876
0.73213459436871
0.72231876356821
0.720871661829333
0.736799067970403
0.653236253208523
0.746580375719938
0.585540037273776
0.201140910414715
0.691997943442138
0.692664917459195
0.626307359335234
0.667762900281548
0.663418474484603
0.477384187284798
0.684678980302267
0.0185272301501327
0.680766779150707
0.674856579539397
0.680698069274209
0.681544731294549
0.441975041703986
0.566838331790838
0.641391405019011
0.512934661056931
0.679248897643498
0.641830121258472
0.643600247389445
0.679887424833666
0.676021154041546
0.358699715103875
0.603475202038284
0.584574247552844
0.585085565290134
0.544106547832648
0.621099770515418
0.631965213752
0.3077135133248
0.665372827852068
0.532478792212645
0.730821782988827
0.743599018934995
0.718025556867415
0.683670803624522
0.54632118386442
0.562481345903031
0.542663668428446
0.598111828188879
0.723189191465427
0.668000664483013
0.697029541166699
0.637721103807159
0.630820299892697
0.632751050957824
0.704839818257055
0.582305580556522
0.609786976530645
0.731818838505094
0.366594877830007
0.695876011514408
0.63592270869485
0.579960995483178
0.663366775028076
0.685602454669056
0.654377489922703
0.725172772307232
0.623273845329232
0.716285143075729
0.661029542857863
0.66881749385143
0.636483583411025
0.688079689674373
0.68337385547578
0.723341241654698
0.730997934744097
0.42402223954619
0.710194357980089
0.666009801260361
0.666599610776893
0.664206329134096
0.646048963476548
0.644765420830276
0.567619154679941
0.568679327058403
0.330950826082482
0.33588834550175
-0.185024371043649
0.411809250218096
-0.0950680642042663
0.604637018018963
0.514788792082254
0.417731539319639
0.389615767365869
0.575913787369735
0.49246878764123
0.590747427303574
0.373085584890044
0.681910287765048
0.561260188714834
0.679173740054775
0.645053546777003
0.721413796127399
0.529151043513852
0.625230851444671
0.658562659722283
0.600311370299256
0.671711728791682
0.697928278980501
0.719039573830085
0.670224313605747
0.715202205525447
0.731586148026381
0.736641790533641
0.705956485330762
0.539230959064266
0.732108254827696
0.209726640128378
0.731724098000863
-0.577269766218053
0.726871785400045
0.700258073979011
0.581744216227051
0.614001944573313
0.619583489474616
0.714545372636399
0.629272341901538
0.472538787925046
0.666897630156626
0.594360518475123
0.446792666569722
0.670807715167457
0.65042242712795
0.676345288515545
0.364852183665124
0.689458807149095
0.684329261348605
0.564973357770616
0.586980626262852
0.477667162810158
0.678626354739128
0.70086997667565
0.722406625027756
0.714223530339782
0.685081855103373
0.648393978311457
0.636805760304648
0.658007955694838
0.609661302716237
0.556918178747443
0.66792228818293
0.603622829361702
0.408642797452656
0.527094676979776
0.553351202949736
0.589041658118032
0.556028853937748
0.387550912827279
0.577806289291686
0.548183961953578
0.53901597165829
0.5284806832365
0.303541917062923
0.632733377320472
0.435822296980827
0.640157364212337
0.650912288123869
0.676835817131751
0.665740800524248
0.675211943197736
0.487577273722854
0.492491059239584
0.402570975338983
0.452788880523712
0.540404282234737
0.542191041253924
0.478695888062808
0.56910707295653
0.635471945566487
0.478583014277747
0.705294804618504
0.734327379385451
0.663768649599559
0.43800977866875
0.719714502451916
0.687825284988846
0.684530386285128
0.711278447398203
0.672936059595744
0.674605454947422
0.646761853708422
0.531899504397455
0.644545014610249
0.621021493157793
0.411537024734118
0.59878385198475
0.072718114069324
0.573191020434406
0.516341909355286
0.63177423018886
0.521436254317481
0.574345672852036
0.644118461609013
0.641542388584138
0.587394395860726
0.680379295932929
0.691200094568977
0.718257306236952
0.578751104856441
0.341052392176759
0.69064442043904
0.564612557869352
0.660988805804726
0.404267272512483
-0.00446087551625385
0.446426424123801
0.588269608185761
0.401515754044313
0.515971739369453
0.650170224009866
0.335817742694462
0.734197300670334
0.503094034409582
0.393635977563636
0.685949078696436
0.725639563053827
0.677851094003892
-0.144940859729267
-0.100402309787413
