"V1"
-0.17748735312317
-0.180746572907547
-0.176447034296043
-0.173874155033707
-0.163808458180804
-0.17299747373997
-0.155617213594694
-0.162873153655622
-0.163295212365584
-0.161250555550959
-0.165348970630557
-0.147187811259503
-0.149804021753613
-0.159105925181172
-0.161904877857643
-0.135813106888037
-0.124830435417682
-0.107457965719443
-0.0944110647076823
-0.111305418552846
-0.0923748715129205
-0.105706062835971
0.0397756441391984
0.0256336350977241
0.0192251849204116
-5.80852638458751e-05
-0.00588399404369855
0.0153078092290019
0.00349090516681472
-0.026339767171117
0.0102158467189634
0.0443960689653725
-0.0822634482496947
0.0287356796446253
0.0429311054422629
0.0574992335179144
0.0567120321962307
0.151599625773066
0.150411189847948
0.114222830325051
0.148670773185993
0.177320493141003
0.178837354309805
0.152929145879486
0.165392726854266
0.172135436214774
0.174730032507902
0.163523397589708
0.127692649659937
0.190439941709825
0.16570151214107
0.161711170385351
0.175958291089995
0.14806363029157
0.160608841532586
0.16185400858176
0.19572254317878
0.197684872994011
0.215614053702494
0.317403427090192
0.36023396973258
0.382092030504992
0.390131709272794
0.408790132441753
0.39174273835305
0.354388679506866
0.354003491262118
0.379598217666991
0.393303222679465
0.305540362055564
0.417565799201414
0.421450628382228
0.412629812306336
0.424217484389066
0.423564072092458
0.396888876229832
0.406847529180635
0.403821479285906
0.428735599281949
0.411914977260219
0.424697820461269
0.401664899624314
0.418951207456769
0.408588115953355
0.424372968728384
0.39702912415611
0.414262477458094
0.393452810815396
0.415739645793776
0.411505650767049
0.419917049132781
0.415701727867179
0.419763668394593
0.413560223903999
0.422311750356375
0.414857718396228
0.410483418999991
0.41660078272401
0.39650515028248
0.412704052880466
0.407203566522417
0.415315443692833
0.404067094871063
0.40812522379365
0.408299569561795
0.401462728349296
0.409711614773555
0.413020100125477
0.408963546316014
0.384299856165382
0.409110811131999
0.406833846908672
0.387817738210964
0.405039328457747
0.390004143196372
0.39878969863198
0.393283824958183
0.411626030442095
0.369470118904925
0.403698456008034
0.421931044370054
0.386776309930992
0.435250776960727
0.431923356560423
0.391704388533204
0.438572075512794
0.410482285596912
0.438730035259774
0.440933647918559
0.421511115712876
0.434616037664097
0.426677925610663
0.40620146923721
0.432540827364976
0.438806355203505
0.415533694074549
0.435272126141815
0.396745454507298
0.429581419454726
0.397998585527493
0.360565067146233
0.406970316000618
0.40577510740796
0.382930774924217
0.399272956151304
0.423990667500366
0.429837549160859
0.429779812582287
0.386641581862539
0.417384312035611
0.391418806720171
0.436874316924606
0.427286852288381
0.428590716056338
0.437069732844251
0.450491216627159
0.441006694650648
0.437181870568677
0.447231351955591
0.440090174000362
0.376185033801502
0.446418009644476
0.429973115146122
0.446668508463313
0.417507685717343
0.450043948501049
0.423629078058942
0.398769157691459
0.418744892724663
0.428379806754875
0.408258115141523
0.447989589926928
0.4504182697106
0.445626617498283
0.470308766455571
0.414694174243791
0.486035829632867
0.444334113251284
0.501584029386462
0.49335046927134
0.500046399879656
0.496284867667338
0.494798963481518
0.500633409477796
0.443797513388296
0.492973553024044
0.503034855971849
0.489906472002366
0.504216928256529
0.499801785304959
0.483468823597247
0.511212276498533
0.514807170261644
0.490002009507992
0.510341572975459
0.502766498193256
0.483044408538226
0.496741265625862
0.485626409039493
0.488264310839219
0.471460216135672
0.496991449033218
0.498834542849777
0.451364875453462
0.480476621015997
0.469703320676147
0.438254275676138
0.455093467184976
0.433133022682174
0.466048518778821
0.448762736575644
0.450697337087636
0.418152467304868
0.495421780965286
0.486068373327795
0.481639244039709
0.4722562989558
0.483297103557629
0.484550295209188
0.470375427432636
0.492110175027065
0.51825001342719
0.506552010624963
0.506882598870346
0.466999302056703
0.51664085369056
0.51528797755736
0.517744810868847
0.50494091740746
0.523264752193915
0.514995120015904
0.506369172143036
0.519865791157758
0.498216901242946
0.515951965258375
0.509555031601682
0.495866277952689
0.503697841525356
0.478325117407014
0.518248603297359
0.496012496619144
0.516080506189791
0.516542519300171
0.521139486515928
0.519955743577309
0.514464748554662
0.518282033667464
0.504056180305834
0.50282082032494
0.471351973454979
0.505858772457304
0.485652335296719
0.477604822256236
0.511217990410497
0.512613792214496
0.489068812684539
0.485864032668151
0.508535423592592
0.508280541642393
0.519769916664805
0.523072329240076
0.514167403710331
0.516067101990167
0.450888112517619
0.512430913830118
0.506467792582697
0.520885577602475
0.487546919414474
0.546545015085312
0.554123263665148
0.549208461121728
0.534485770360467
0.555272023625468
0.532223894539751
0.499991238512146
0.552151464431109
0.569109278458266
0.548880935791929
0.54962016712033
0.548514904079253
0.559971141436266
0.552035607707738
0.548639408883559
0.55335583102972
0.554084005464646
0.55893286311249
0.574669700725199
0.592338125534337
0.573318511096
0.596334502892564
0.586876127315226
0.610808854245899
0.608291680346209
0.612662734706507
0.608858957031022
0.605128467127934
0.610261702001236
0.617520051623037
0.557428777144719
0.614133804649868
0.606840573038981
0.577244632720493
0.624174164545805
0.620915224107701
0.619434576869256
0.616674791260422
0.618853418144321
0.628672353221229
0.594766748787273
0.590488349120048
0.567337332696211
0.575335995057515
0.56144270975196
0.598948715513289
0.616925503514357
0.636630996817053
0.61575320876135
0.616227320632469
0.625590041561422
0.635588139373509
0.623610902501953
0.630146277548066
0.627688845710006
0.619771024501289
0.609256396565153
0.598398655000311
0.588732460653988
0.60196493325504
0.609447413015588
0.568095657716962
0.514335655669199
0.615682601049287
0.604985745226744
0.578916511743965
0.607333063016945
0.58656836116008
0.598923296737462
0.584534236767526
0.610153288918031
0.592739883908785
0.566712007081672
0.602027198238235
0.611395679661959
0.624513259787178
0.592022885492542
0.634412846225583
0.632125058946818
0.628946408700698
0.623335554910016
0.636703606192337
0.621154777378172
0.649466930397938
0.621184088547049
0.64062066786225
0.645565118755475
0.640446680308753
0.622175647192023
0.640930270868461
0.664509375196761
0.631905618960713
0.661773400808917
0.662182220450549
0.655945773644428
0.672353139870182
0.678396603180642
0.668289997094589
0.673447668129572
0.660653987907635
0.644716235362301
0.672319852482183
0.681371612396823
0.676035023094086
0.681777204437521
0.682595085425045
0.682927766772379
0.676008738585066
0.67346538797313
0.679383046254078
0.68215562880668
0.681213036008225
0.675182654337059
0.673198787979075
0.676197301337508
0.673344567538498
0.685309887067987
0.687594500255138
0.684929470858928
0.68450341463051
0.668676960290939
0.688504489102123
0.679662607340415
0.685168238339267
0.683896759623353
0.686876284387562
0.686356261161935
0.682564984997557
0.693324506039316
0.675997183621406
0.688218372226136
0.683971090998989
0.696797108196737
0.698179953499741
0.69145975863653
0.695099521424195
0.687935203973105
0.694482075391998
0.697367514176417
0.694229930762351
0.695114454284811
0.695774126388641
0.70453770876281
0.709870776634019
0.700179803868503
0.70500457011305
0.696210305721646
0.699825212412395
0.705914349267633
0.70372508509237
0.691868145501197
0.707445477533527
0.691217791240742
0.711572038615998
0.704936128900318
0.7090425311608
0.684181727795631
0.686669518526679
0.691665623777478
0.70075669420932
0.706052595647686
0.696809840250579
0.696307170550845
0.695091607088847
0.683891969157092
0.68888441304939
0.68532917344459
0.695340595012562
0.690165686544331
0.701683928540486
0.704158314489584
0.69747691888715
0.690454148587135
0.699866569189232
0.700105897641611
0.698372575301374
0.708764515619244
0.686224493232091
0.714017497204409
0.706088342551632
0.721127168295221
0.703513146046923
0.72268581397589
0.715782471824306
0.715067986814032
0.678588735632962
0.715464162098807
0.706408812737311
0.700439397317224
0.705903436844969
0.692642383459064
0.70074370193684
0.704534889883252
0.683722351980032
0.697403498172588
0.68587846467364
0.703109465904638
0.711571966164731
0.71567210977472
0.691787221799667
0.723593400702753
0.688673129242495
0.707946520073358
0.700390941230491
0.707380882457929
0.697871205712443
0.702189641966318
0.695876239124221
0.690225604441757
0.713009633831482
0.725577931601344
0.734955749510521
0.725591110628154
0.732708994552183
0.723008902948963
0.728828382031232
0.729289019724773
0.724694671123747
0.720544374136498
0.732701908165752
0.725348161934478
0.734100717864665
0.729244451590799
0.739388940218418
0.736014930482045
0.741934535631195
0.740310320818633
0.736333112190034
0.74260957320079
0.742696807582093
0.742261956644303
0.736031892370023
0.741224111303731
0.742302311620916
0.735022944379433
0.743487760867921
0.744000551168254
0.742927246136611
0.743376186319449
0.738959243483314
0.745135038288769
0.74287485724744
0.734461272869138
0.743138390084222
0.738814407014364
0.746207642650434
0.747378701677333
0.744770828883057
0.750294413182208
0.734094874838909
0.738924381264926
0.737950429221051
0.743304397540597
0.734236337116974
0.742687150528279
0.739148490386382
0.733804571293361
0.71508264738025
0.722636679896261
0.739187569609513
0.737581606589637
0.72618851180918
0.729369990450252
0.731714395265394
0.723448177502236
0.727915234391995
0.727921868053632
0.729604015219066
0.727448933338224
0.731317429227013
0.734876069386379
0.730362613836553
0.731787674979021
0.735025588804121
0.724960510852396
0.709944715758096
0.73101626647231
0.717710356545127
0.728625056818664
0.723175631872286
0.730594109317292
0.737263941864679
0.739100837136846
0.722044067172804
0.734384401560825
0.732343087339935
0.720403391770447
0.745400951228686
0.731956915467874
0.734906177251637
0.698912863700509
0.730047100658129
0.730296475927587
0.714826680720955
0.729694383194129
0.703704700241583
0.734878469053801
0.741631748295876
0.731569478136629
0.730786682425172
0.741846652438571
0.737087421743452
0.746573559762623
0.74549643145898
0.741094613698345
0.743116676890988
0.738402156560682
0.736224686679329
0.745060355435141
0.7453447303943
0.736524524924285
0.748972913555391
0.738803206505961
0.749091088556079
0.747580151226566
0.748393846314822
0.748376326700108
0.741048249898821
0.748210180024832
0.74702994480355
0.743786485177325
0.75186890278081
0.746646616764423
0.749267386068426
0.746150049420865
0.749921770942077
0.749788661781588
0.745359240918759
0.747783357150155
0.747950009452101
0.733903342603778
0.737081862919956
0.738489743459524
0.728796532779226
0.747324225373083
0.748546869454983
0.737778779917305
0.741099344231879
0.750557530330159
0.73825628173869
0.746926501279671
0.73930343269102
0.749182030655982
0.748759228189696
0.743368949432286
0.748256452695264
0.744852399143147
0.746897006398268
0.746622823356944
0.744964937123512
0.749132220454755
0.746909079186988
0.749381189114384
0.748957151189157
0.748655122038176
0.737835746062363
0.747896135647317
0.746175938410324
0.745979572827235
0.728431822587951
0.737872811510009
0.729564747641957
0.742331959687509
0.735850010545117
0.740730109341844
0.730832002581395
0.720500910500243
0.743862264901403
0.744296004260562
0.736219362784725
0.747257297336352
0.749204613561562
0.744864354333038
0.743101459876733
0.74936437282004
0.74238569193408
0.750133171483543
0.748118590226256
0.735205722806977
0.750466933228648
0.742758243874925
0.745837539580248
0.748276963023274
0.738938041119033
0.74544475841128
0.734107131280689
0.744424865921865
0.742154710550807
0.740386956740019
0.731819420806542
0.746972849998767
0.74139855818441
0.743938728942724
0.738380338113504
0.746267284262268
0.742723863173603
0.737531451517791
0.738594526338918
0.699725728000306
0.741437204252265
0.735330140758905
0.728563492992072
0.745074880561722
0.741774071122728
0.733644081739591
0.745283487679454
0.747037307280239
0.735920225441496
0.746959652450361
0.744732837855181
0.736402984172833
0.744342806967811
0.74916284626515
0.746571986671116
0.746554230277803
0.73974993039965
0.739906983743079
0.736604138033899
0.744323588840438
0.740764180904672
0.7439193523332
0.73423493029383
0.732804938930469
0.741843687835695
0.737149756303063
0.743480291167227
0.729782892491065
0.718613512993034
0.736235491163514
0.713403829789904
0.723465777726623
0.710875511380034
0.727620633148683
0.732622863140968
0.721130616092892
0.728946041236856
0.729285709967833
0.733088689136543
0.727941244909309
0.734351072461034
0.733347756847718
0.738143770082604
0.735972737879966
0.741146703636798
0.739928296995384
0.738707053028844
0.741898544621197
0.739552225825809
0.73902390963668
0.739954816930412
0.73656290581781
0.737957214555297
0.733451585567914
0.736472059285199
0.734830490348459
0.738256805271883
0.732771813421038
0.73545654717125
0.734611200316004
0.73738677493669
0.735168025860482
0.733189840560672
0.73595511742634
0.720365589114254
0.738462536631359
0.735680237219035
0.727780738368344
0.739598711780924
0.737980110178642
0.741053755240601
0.739662530853216
0.742773034808223
0.735949158767904
0.739584928864187
0.742799452644515
0.744107669424838
0.740953160999962
0.737796248785243
0.734063861153222
0.744054479294298
0.742813385883547
0.740793200142951
0.742978879010566
0.738882195579771
0.736743284599109
0.733594601857353
0.739383057371288
0.742253862725789
0.707333493295593
0.739194674406144
0.730701126093311
0.734750795241505
0.739867096882775
0.734794395378759
0.732161412071644
0.745568421483888
0.744553601520813
0.748912985264237
0.750406696592435
0.748683265958496
0.743038108343858
0.745024721162806
0.746597728950543
0.744410175458999
0.736560454203609
0.746776388061516
0.729862879074483
0.727759443141207
0.746719169785091
0.746214880150964
0.746480011421949
0.744673129172949
0.750323201069449
0.748303514228087
0.749723072109264
0.749201431674031
0.747806074781973
0.751110163230161
0.746731962151676
0.745052040790781
0.749914748950294
0.744069716386184
0.751466001696725
0.747899619712342
0.747398349435586
0.749966299730869
0.749523335080283
0.74893406522008
0.747818268808764
0.750476161393676
0.745081639941246
0.752042509823096
0.751682002486197
0.74933546502687
0.750778617162176
0.751243214417955
0.751479359317666
0.748501498567539
0.737103554104926
0.750460644195134
0.751959715796277
0.743172988550547
0.744505531332193
0.752281851787484
0.749105927202989
0.752039093793509
0.750194399618966
0.748966150253424
0.740322456584332
0.751598350805494
0.749303113617524
0.746073006682145
0.730478025924606
0.750897030249163
0.75034297627105
0.750557236953086
0.734242962718423
0.749172111793872
0.729286644786501
0.741926933204631
0.749199800886559
0.747976366575041
0.750045548282021
0.745140016489361
0.745784135671604
0.728326651457129
0.746118432810414
0.748332117446404
0.743604444159986
0.749199522474238
0.738982806905809
0.74828012272273
0.747814322243541
0.747322754931911
0.750066104086297
0.749030912536227
0.750938395070965
0.748138264793172
0.751501774060085
0.745771539002795
0.744544598602873
0.75198540372294
0.75239045371529
0.736182786962086
0.751723519208724
0.751773294141637
0.749336944899852
0.748106968381068
0.748242540374689
0.751625688735499
0.75136627031121
0.744728237232495
0.74455822777672
0.751717869031551
0.747219133761792
0.745879404975003
0.747093660018509
0.743690106811387
0.742088838237898
0.739279404865282
0.75230190399774
0.746759943421035
0.749736376384434
0.751463737104042
0.751800464054953
0.749977594340099
0.751059284713775
0.743441413401214
0.751661454091428
0.749334252437117
0.738886113585689
0.747260760891944
0.75216960916239
0.748725980986724
0.743674708538747
0.752740890827531
0.751446501966509
0.751303978463865
0.744630496831844
0.750245117801329
0.746192033779861
0.724268438308231
0.74540562198138
0.731157647784709
0.751357415564155
0.748002213377748
0.750857397541686
0.748168768555643
0.744586599612834
0.750839253984881
0.743192620391862
0.751294707017959
0.749700501304326
0.742406178157653
0.74927345272284
0.751518590363658
0.742104639690798
0.747291917231715
0.745510963959283
0.74810755524391
0.744074990888343
0.744601815051951
0.736802179416077
0.744284774952053
0.740561057675541
0.734654089327013
0.744883594818243
0.744986018493105
0.74141453754894
0.740729858449945
0.741666526826768
0.744148455829425
0.739587817575143
0.744271136490044
0.743672233891405
0.746244567501676
0.741507779804467
0.740829533189008
0.74775759192077
0.747433302631764
0.74826598201886
0.737718602286549
0.747841916674809
0.746365458384523
0.746888084201073
0.746816281324391
0.742922630942831
0.748303965842936
0.746481822659013
0.752151792971408
0.752844593575264
0.748379419458034
0.748494319315056
0.751859934462827
0.745047572206222
0.751795110947521
0.750806244756566
0.736741377011242
0.733114963584231
0.747822698992129
0.745929583340768
0.732107422918465
0.747645248754257
0.75067312525763
0.751222780254907
0.749351148646134
0.747555890781397
0.746035309096598
0.751027604418133
0.74409093267727
0.750602935029381
0.739993892748046
0.748162865383037
0.748904536036579
0.749948923097384
0.748320597293376
0.749751179876663
0.75257793348434
0.731321332381784
0.751379486011313
0.750819531172183
0.751856165375134
0.746460071850402
0.748251070221422
0.743353339425647
0.74467493145618
0.725517726751578
0.737456703059956
0.737218042634202
0.722545201251907
0.741045021666239
0.738377823627822
0.741232157231837
0.733949751575551
0.742086381185953
0.731974786950965
0.73739953837702
0.731751181751004
0.73951609708307
0.742507289339286
0.741084390994561
0.729321177317985
0.743771141287855
0.743476294082632
0.744445023654102
0.731545118466227
0.732630337391422
0.733525324715506
0.738581906554638
0.744055499295269
0.734933519873398
0.741643367155184
0.693301637748957
0.402513991346824
0.719513307834835
0.737690966688952
0.718211365338987
0.632822297776226
0.718158071327946
0.746133916851473
0.74186047569144
0.701492198335956
-0.0898193973900878
0.53533923358473
0.713312723724507
0.704492784510992
0.630674149124307
0.734189909117072
0.447118340549196
0.698734499578012
0.749581995273682
0.73831326076635
0.707931234757489
0.699441060435304
0.488940973943471
0.64866540903361
0.743363781700699
0.71020338658232
0.719778946346047
0.482491243608406
0.727163322474734
0.725620835080494
0.737431286126688
0.725329806320184
0.482728399354744
0.669029727751122
0.700571262858249
0.730868016199883
0.70629914309472
0.707484996041849
0.625714888556318
0.685972408796297
0.685207587093319
0.692048768413289
0.211303309568696
0.665897367449286
0.717632255917823
0.68958214021362
0.720949074095978
0.689146651247133
0.737514188683015
0.58437181823905
0.610866239747111
0.643857483570735
0.712188548742474
0.693822728548208
0.724088298925859
0.337048217080784
0.715687795517792
0.695209894107466
0.70108993392543
0.695265340587081
0.70734375066717
0.725175103152587
0.364126567261987
0.749676506447939
0.742416724020383
0.462083269570903
0.739410330610762
0.729184998551364
0.737631037537885
0.728151465394609
0.742820603322346
0.715547190679412
0.705854991825989
0.652908205269906
0.719895003643225
0.741062316858252
0.714053717739483
0.713352281967799
0.73054602462606
0.412590267928793
0.678075163990107
0.720762144165037
0.741080747117044
0.684384454217868
0.749951330724671
0.70006364717201
0.664425305328536
0.658168827513645
0.690960604112007
0.670482358867523
0.623389891767001
0.73663842170068
0.684283300210133
0.548036492750445
0.606391235648458
0.591645289926513
0.74846413225594
0.739320744920392
0.710404263242118
0.496883521074584
0.734057390860307
0.33372559084501
0.737324896051697
0.693242664967504
0.18142761726379
0.444543987914984
0.654066451360262
0.673683794172192
0.725609474126343
0.716579972768304
0.716237152337189
0.739221292723133
0.452812146778953
0.745987005423645
0.747063770157365
0.734932631069997
-0.187313316858827
0.71190786680643
0.693039704507836
0.744648463874607
0.740248184641507
0.585229018149007
0.707786949759341
0.631564750489307
0.650422757448905
0.55921498637084
0.733743249576409
0.563339992454794
0.723337669960649
0.607410402381861
0.714090016465227
0.276632656808665
0.74364803996088
0.639332361807863
0.720204568868801
0.746805855459052
0.744293197810549
0.673827052468396
0.723397958070412
0.634268481593766
0.707882777023726
0.73037272266915
0.693828435043673
0.696792144139141
0.610770779306923
0.716331126573984
0.739005182175678
0.599531422556894
0.730022181582832
0.713362430809478
0.72197433590063
0.717753878935778
0.4120186670036
0.726816769162888
0.741915652134121
0.69246910996502
0.680659521407188
0.492933029840309
0.665500738652159
0.735490924591537
0.719263608001141
0.713072795008751
0.721197702216242
0.698811014167823
0.720219605331794
0.695540153328533
0.579589979636467
0.657549218926855
0.587788244891102
0.329717716565767
0.656464701373609
0.697554099109395
0.568717917738056
0.131123312954968
0.619574127610117
0.682246689446487
0.629521381721959
0.690431963687071
0.19643048205017
0.683558945063088
0.544451153109338
0.743007909337671
0.747351366885745
0.735113587077576
0.728496059495801
0.72090335261191
0.40150302947463
0.706246864238505
0.596523088150241
0.667410857478421
0.715072350917368
0.747619284076352
0.586265142276637
0.656087334627976
0.611886207964935
0.67986729290538
0.729214287829212
0.709266646321196
0.734340474470216
0.582483801384373
0.663297261050096
0.640966797744453
0.706433463668216
0.630744602522351
0.73724149847942
0.586584427524058
0.709842405658305
0.738570570382588
0.728917356757077
0.731017540148389
0.696214117838642
0.721618984228244
0.726427264318255
0.612049432722694
0.730793794842169
0.691664186050912
0.680096383999845
0.708784440778443
0.724161669971301
0.662372193667903
0.593714983422388
0.703711008049634
0.674273678519546
0.738680965876377
0.739796051278602
0.742374156318093
0.744261861543645
0.736455018220499
0.714446365408785
0.642676692198935
0.747191541667717
0.37887241314396
0.723321834910688
0.596893573769306
0.736981849037406
0.679097784272708
0.708144034501798
0.595442771738884
0.650591537788767
0.709802687750539
0.73109377895091
0.588571193741961
0.704900037894435
0.673209479141848
0.59983910138747
0.727569616235422
0.540314947414218
0.723189574391045
0.687973272279404
0.490456236550143
0.600131824357055
0.72325920609514
0.746643072929279
0.595913220068531
0.715158422013466
0.250267713427979
0.7169460434306
0.615188785756495
0.722835326076548
0.660321161824913
0.523466882744609
0.734401798705756
0.707893802191807
0.708972729408965
0.70065464749427
0.295540865922062
0.719365826793149
0.72313417009955
0.68442405309325
0.49209428785261
0.624553416959873
0.712672756514227
0.735868923580889
0.725247547493434
0.503416120716578
0.735640617301115
0.429480206361481
0.736417117300954
0.306960509161924
0.692912429652994
0.704964571688115
0.674743768566926
0.732021460094496
0.734428982039176
0.73202233378762
0.626356262323991
0.639143788449523
0.674090958061344
0.673825957083398
0.36778225313508
0.643823010847826
0.717879082898992
0.712671195389367
0.717470922698003
0.575137120040323
0.685109134035159
0.472503258111038
0.726475434616415
0.704880057921629
0.715331237699214
0.734361049295135
0.68852553315057
0.570642396104577
0.743801765306371
0.716388400690849
0.723091822213093
0.579313246200939
0.657067276134937
0.729354047240095
0.721168666994108
0.614934561093655
0.715416970951655
0.278235288994422
0.733740541607452
0.660203480036744
0.620348985631853
0.74873191821916
0.718334590873975
0.402320034107784
0.72210902404584
0.350777963967753
0.60677429109557
0.748690432388398
0.722930320307971
0.747864758369174
0.722109028785974
0.730916958792476
0.72332532486747
0.696119536781946
0.741969412996935
0.445514925006103
0.701012294770551
0.751059077562394
0.550717785680215
0.715950556160059
0.658835888555563
0.557328119911469
0.736700036005371
0.74120586071816
0.619354177076658
0.728208072313299
0.544674211358411
0.725086000855737
0.741383353371308
0.713887866700447
0.726031645727309
0.661782956858854
0.72995333048516
0.535042964321054
0.504582556425352
0.723129726033869
0.725329452718876
0.703594393044792
0.719628315239061
0.7215946247327
0.65525126774287
0.74814713110365
0.660532267531841
0.663566918283311
0.597978063719085
0.374535024248192
0.535093727068998
0.493018437005622
0.631358622958392
0.746391203717593
0.571244744458484
0.73440605746764
0.732797057515039
0.671290248246938
0.66476352772172
0.659806637438627
0.750396436679288
0.667717704055181
0.750032726342895
0.707556558075357
0.709544698776852
0.430255475140641
0.722137619527046
0.61065418674998
0.743632564242407
0.621426241340866
0.702221276319088
0.584737069149951
0.743465723537734
0.667284219822141
0.51971151165792
0.735424825882424
0.706417798181208
0.735828564319696
0.672781907215968
0.597202857154563
0.747029101943164
0.549070311379572
0.727130989238095
0.74063619803282
0.423457847481051
0.703104766329846
0.731504093459111
0.72455023364554
0.742230226320495
0.646851485089632
0.745822672211426
0.535182676838528
0.725503566781984
0.626166605501705
0.443856149012227
0.732844157950565
0.730141711503164
0.740503421783898
0.658197274757345
0.748950130031226
0.693266815536647
0.617019921571598
0.697971536677812
0.613689994386608
0.688030032714148
0.729634282906757
0.708047944722056
0.650825707572956
0.719752089919604
0.624619777160607
0.519249648342501
0.72271753271838
0.741506547227393
0.736181587583936
0.692433834602089
0.727725883615423
0.708336999342278
0.667937044212249
0.66310624046742
0.0944184338807785
0.323848538463029
0.703896787358895
0.723089680589605
0.44024600559231
0.378525350160035
0.684741301702839
0.690676068646388
0.705307658537313
0.729551774044074
0.606612536584279
0.65369923477287
0.666574141319067
0.624261416056691
0.712838050191396
0.513175293465836
0.746957385096556
0.323493313436844
0.48804525785646
0.379800018486071
0.670500782949385
0.688697386263946
0.681287309480328
0.730732280899634
0.721799161380417
0.688155512439219
0.717072601151459
0.735642594145756
0.461918786031906
-0.153850051765343
0.21406395760535
0.735665102095948
0.456218185554096
0.744735198147893
0.697539077795717
0.638459180918743
0.665641010735822
0.692401325438408
-0.734829366610514
0.694552114934703
0.728305331397148
0.691560410122853
0.672559823000052
0.738481237741564
0.683365191612663
0.718099300450741
0.681945079227939
0.490820407455722
0.726179045546762
0.643589699540016
0.738035388497682
0.726339105201649
0.707326991289242
0.614347083590631
0.701220568073729
0.733953260899052
0.669925764253277
0.727242043393154
0.474362724650955
0.741417297801782
0.729592271983699
0.692692471485027
0.733777899451666
0.714647497274479
0.721898341979333
0.715796110936588
0.703706710334141
0.73310718121838
0.643743462735389
0.723855512524012
0.697410158415095
0.596452411551681
0.741940156717048
0.717609896564509
0.750707714408386
0.68457007404953
0.743790234244555
0.704266823476223
0.743502658657976
0.728001583324906
0.733593370140975
0.720524440226889
0.714571112097522
0.701496356523628
0.749314345314591
0.750787612335644
0.71002664041802
0.705757624594846
0.734226089351976
0.617752316362247
0.732479646348395
0.720806463698066
0.730843811781171
0.734891926721911
0.739697436376108
0.733091716303713
0.734141375626932
0.695232932250099
0.745038971282655
0.713365832248564
0.70762544816984
0.740656977458856
0.6692463525349
0.734841679368821
0.739012446956054
0.703685908811848
0.732777574843496
0.7423692519708
0.749230627904329
0.744520844614238
0.735543333570669
0.711558206361261
0.749532964085679
0.744245678648916
0.741939998685741
0.71458466334114
0.705332254228433
0.722974856234603
0.653216068201411
0.74322905551418
0.745120910987787
0.726988695002119
0.735628495122954
0.414803607233941
0.687397032897033
0.734144920832918
0.742166017979006
0.747576405974887
0.705693836827532
0.694526515698128
0.696076569032339
0.656617594758306
0.737295627408441
0.637085982948111
0.747880685880517
0.729923628606215
0.744054296937781
0.748619463230951
0.721849316682413
0.687149358131892
0.730852193540363
0.739394606069484
0.741578774577253
0.738806970852413
0.713751793969618
0.729945900805377
0.749042392737145
0.733706851574282
0.742944287418585
0.730586620941304
0.735659681220289
0.723681704426427
0.702650360497294
0.739486871966023
0.750644266281035
0.730296457619887
0.70834332964284
0.745483589137197
0.698936687098902
0.735574009619329
0.745102216252638
0.709184162990003
0.742451474953932
0.726650099029798
0.738884059882623
0.68064250329681
0.73216793660137
0.729730698515413
0.712818884516221
0.72447609811233
0.726808055810862
0.72918199260831
0.74117193304373
0.748868651491448
0.721768469219578
0.737959361261308
0.726764711594109
0.732706284023644
0.737766244687082
0.743658057104298
0.718744695907444
0.740346194493639
0.59681754899587
0.697465951957195
0.714420905572407
0.729647662599822
0.7462731067382
0.746012260831021
0.667132259619414
0.743307868523175
0.752178420744436
0.745288232397507
0.724626581637803
0.743589909216799
0.750356250632138
0.720703711752984
0.74260774923641
0.709724960884551
0.741979372107958
0.747840475184109
0.748061707401889
0.729071747755908
0.734618110955099
0.621909890000513
0.735273571938271
0.742081953036387
0.733432311765208
0.585535102953968
0.722794614335068
0.708398433108983
0.731372392062696
0.742094345324068
0.68569015648303
0.747141730818645
0.738065712464282
0.536373225721631
0.682322203101775
0.739686852108609
0.718732114169948
0.746783473520613
0.739562073145723
0.746014472484557
0.737802786902373
0.744731950305671
0.714536066789426
0.723713276458746
0.742086739690045
0.727713073340166
0.70971865044077
0.728196325358029
0.712922086110743
0.738435281134415
0.652342069157428
0.743970427587013
0.737967163191206
0.721290468873992
0.740618261034611
0.73866785477577
0.736504112174174
0.743528424761315
0.72533351544612
0.735431574407668
0.747701237603479
0.74171703282547
0.74797845878125
0.452725000300291
0.68795613552248
0.695818490556598
0.751790193221558
0.724865517142275
0.736848248091327
0.716976897436552
0.737740653170839
0.710210618594285
0.735582239175073
0.713389599432074
0.728192825630333
0.747950586581754
0.739875805823373
0.734297862489693
0.744602959639027
0.715302664901221
0.693513926446196
0.738849321841666
0.479909552575299
0.724557940564898
0.717343016378872
0.735895472628246
0.645272910443792
0.742400945154351
0.710286182971775
0.720634231936483
0.742903384177508
0.718598848450503
0.705049116130137
0.000172238758867072
0.711415434201664
0.612212250583177
0.677828084207252
0.737402215213489
0.68236066039202
0.728981561798268
0.751524677338113
0.737338444465655
0.740323021105301
0.736755088847835
0.710384041481983
0.740730976941386
0.74173922918449
0.724189626222117
0.737012100056988
0.717384062666054
0.703807273677833
0.735194914242626
0.721570338830054
0.751138224518616
0.731100597694103
0.747620790652648
0.736321892987611
0.749242823565921
0.750062502245227
0.736741291840474
0.750024157508244
0.739422080765942
0.746733401738209
0.720293180534673
0.701867729534369
0.684166040947593
0.750108627734637
0.73733347717674
0.729565273270611
0.725379313994347
0.729936392315053
0.739051783929109
0.71211680756323
0.724022529591489
0.72692294906395
0.740724714827623
0.745456542373691
0.728625211799054
0.751330831512545
0.728378052646646
0.71693343222137
0.735403184890879
0.746542295603349
0.750628340186111
0.733556213884312
0.73263078310056
0.679659887087558
0.742115971182699
0.737749315935815
0.735911434694035
0.749542174295933
0.697135179985444
0.71438791372064
0.752777464737821
0.735811926266894
0.743924316286807
0.7334285732275
0.742451375297634
0.747680016664371
0.71524290303702
0.728230755499992
0.734302865586285
0.717260880315229
0.740695732087484
0.73485131109339
0.742926602730633
0.67657112465073
0.738702795687853
0.723775777077143
0.719477295834076
0.747802630758998
0.746432605246981
0.741237129130865
0.723854263590979
0.231544345873336
0.729957750175821
0.674085754403487
0.703006269708971
0.735026220992843
0.744222230960947
0.705112041440462
0.719384913451478
0.737036907981141
0.734727210189172
0.712571006063499
0.721843895330307
0.730947500387212
0.748357657897092
0.74650444079663
0.654588638948416
0.669776225543495
0.729849315949163
0.741804377920595
0.720274947392308
0.739990796589086
0.668850798436238
0.733567373551726
0.737948688628508
0.742932231993605
0.678838723473211
0.749971234260727
0.700418193860928
0.679035318958428
0.744804375416223
0.743343698019511
0.730347664033444
0.215667164554095
0.727139063210539
0.673157511144855
0.701422316379664
0.742670822739993
0.743654195559517
0.717411676241126
0.724907291961219
0.718546190920875
0.700631880219129
0.714913056993042
0.74122310202772
0.73252827619917
0.741695187097672
0.748408683412446
0.72483739167684
0.705604474850532
0.721475372194792
0.70705792640147
0.681264564702775
0.720247056319246
0.692491510971734
0.73889961113626
0.744415623799826
0.711667063488601
0.739687017414561
0.716728227155999
0.716865568134773
0.74605657184166
0.733570454662009
0.739497840305138
0.735825141267895
0.675208065619788
0.719440707944907
0.748843533328777
0.740540913575768
0.71656441959484
0.733443760047848
0.702848194143049
0.716779591439558
0.733093062086997
0.608748317563175
0.751770467794168
0.510114937898084
0.733291566077997
0.726140062951634
0.742012954906912
0.748319749770143
0.700826365978465
0.72242869053429
0.749877823642582
0.732489170128148
0.602536292033438
0.742248501789647
0.744933238150463
0.727768493480827
0.746721683147398
0.747255315992573
0.737003981786213
0.68824735399198
0.748024559123204
0.726573699032312
0.737063397084888
0.732815967696757
0.72201837550251
0.722989499719477
0.745630052008146
0.736998617404146
0.730888092731685
0.70058483168877
0.737980389286403
0.74501219075835
0.742681573450307
0.750694620248153
0.71303479340789
0.736836317848273
0.725925107731552
0.709244131980122
0.71625152380361
0.719381048368879
0.736470329745544
0.741106541823646
0.468271331612466
0.739517736202695
0.70870483146409
0.718093549548071
0.751140020592039
0.729605465545247
0.732308205164363
0.699301576529334
0.728641551838504
0.730254665927641
0.744705377252808
0.718939665814945
0.739343089466781
0.728110974171611
0.738603220095647
0.747616363633827
0.739883146687355
0.726510253623247
0.733583752492535
0.74024413011118
0.734644415760729
0.73684186411873
0.703433166004185
0.747348335071685
0.738893264830871
0.69613315881952
0.749818076980109
0.727443373095479
0.748515327455421
0.752108888319264
0.743859478835684
0.741037896776366
0.752453735750452
0.742608574206231
0.720018833321816
0.751574202871267
0.704519918403256
0.74350700007425
0.731687915533022
0.325249638222075
0.724365988971404
0.701454534778799
0.745879212101838
0.736149224578422
0.726435557284447
0.715904858724121
0.740656045010456
0.748361893461671
0.726296541044904
0.740497498618012
0.751655262798124
0.750174216634678
0.710522710340798
0.742345094663855
0.613446188992287
0.741174901938336
0.741851679087672
0.710888921034854
0.720764944675805
0.732718963957877
0.516185698042184
0.620630293267496
0.729109277035035
0.710268746004302
0.445122915306283
0.739621168054423
0.692306650129494
0.700080999234533
0.749119426741274
0.744399458725469
0.745174341135332
0.718462059890195
0.710852623163833
0.730409533698826
0.729731948261432
0.719228734516024
0.701514797446217
0.732649854657152
0.73841540177586
0.698543542415429
0.701662797387971
0.731825801820562
0.715849474838924
0.734933789142421
0.698068932403068
0.734817854177894
0.745559689101855
0.747371258021132
0.737993474077228
0.739481351294712
0.752066877262229
0.74091918449182
0.744113595217217
0.728052588268261
0.714459167622449
0.747269844310574
0.730892780245879
0.736489178639933
0.740606242405197
0.742131490512246
