1981 1 1 1.7 2.09964 0
1981 1 2 1.86 1.94576 0
1981 1 3 1.7 2.10018 0
1981 1 4 1.7 1.66066 0.06
1981 1 5 1.42 1.55078 0.7
1981 1 6 1.42 1.27734 1.38
1981 1 7 1.9 0.785394 0.68
1981 1 8 1.95 1.5432 0.62
1981 1 9 1.95 2.2543 0
1981 1 10 1.9 1.98318 0
1981 1 11 1.9 2.14538 0
1981 1 12 1.95 2.61318 0
1981 1 13 1.95 2.95934 0
1981 1 14 1.95 3.62802 0
1981 1 15 1.23 2.35002 0
1981 1 16 1.23 2.59734 0
1981 1 17 1.23 2.29596 0
1981 1 18 1.23 2.07214 0
1981 1 19 1.22 2.4953 0.68
1981 1 20 1.23 1.65514 0.12
1981 1 21 1.23 1.92738 0.32
1981 1 22 1.22 1.75888 1.74
1981 1 23 1.23 1.7331 0.76
1981 1 24 1.23 1.50114 0.68
1981 1 25 1.23 1.33266 0.68
1981 1 26 1.23 1.43 0.22
1981 1 27 1.24 1.49868 0.08
1981 1 28 1.25 1.50124 0
1981 1 29 1.24 1.22446 0.04
1981 1 30 1.24 1.7268 0
1981 1 31 1.25 2.43142 0
1981 2 1 1.24 2.12928 0
1981 2 2 1.24 2.2916 0
1981 2 3 1.53 2.93052 0
1981 2 4 1.5 2.06828 0
1981 2 5 1.53 2.38706 0
1981 2 6 1.53 3.0029 0
1981 2 7 1.48 2.72444 0.1
1981 2 8 1.46 3.56322 0
1981 2 9 1.4 2.15316 0
1981 2 10 1.39 2.99466 0
1981 2 11 1.37 3.78302 0
1981 2 12 1.36 3.18052 0
1981 2 13 1.35 3.45562 0
1981 2 14 2.04 3.69644 0.16
1981 2 15 2.04 2.81068 2.1
1981 2 16 2.04 2.3867 0.68
1981 2 17 2.04 2.55208 0
1981 2 18 2.04 2.2008 0
1981 2 19 2.04 3.19208 0
1981 2 20 2.04 2.6985 0
1981 2 21 2.04 2.6762 0.08
1981 2 22 2.04 3.42752 0
1981 2 23 2.04 2.97358 0
1981 2 24 1.37 2.22992 0
1981 2 25 1.4 2.4598 0
1981 2 26 1.35 2.33934 0
1981 2 27 1.38 3.35148 0
1981 2 28 1.58 3.0371 0
1981 3 1 1.58 4.12238 0.02
1981 3 2 1.58 2.59148 0
1981 3 3 1.58 3.05432 0
1981 3 4 1.58 3.7202 0
1981 3 5 1.58 3.80458 0
1981 3 6 1.58 4.39306 0
1981 3 7 1.58 5.1073 0
1981 3 8 1.58 4.80552 0
1981 3 9 1.58 4.34304 0
1981 3 10 1.58 5.2211 0
1981 3 11 1.58 4.95228 0
1981 3 12 1.58 4.88408 0
1981 3 13 1.58 5.50944 0
1981 3 14 1.58 4.69228 0
1981 3 15 1.58 4.76434 0
1981 3 16 1.58 5.2662 0
1981 3 17 1.03 4.6076 0
1981 3 18 1.58 5.48794 0.08
1981 3 19 1.58 4.67232 0.14
1981 3 20 1.58 6.17612 0
1981 3 21 1.58 5.59572 0
1981 3 22 1.26 7.5793 10.16
1981 3 23 2.04 5.35394 1.56
1981 3 24 2.6 6.0555 0
1981 3 25 2.6 5.02572 0
1981 3 26 2.04 5.48266 0
1981 3 27 1.58 4.43974 0
1981 3 28 1.58 3.6553 0
1981 3 29 1.58 5.6299 0
1981 3 30 1.58 6.08818 0
1981 3 31 1.26 4.03356 0.26
1981 4 1 1.26 3.69766 1.44
1981 4 2 1.26 3.99696 2.5
1981 4 3 1.58 2.22224 0
1981 4 4 1.58 4.12734 0.86
1981 4 5 1.58 5.43988 0
1981 4 6 1.58 6.67278 1.02
1981 4 7 1.58 5.03384 4.74
1981 4 8 1.58 4.55808 0.1
1981 4 9 2.04 4.48284 0.02
1981 4 10 2.04 5.99638 0.7
1981 4 11 1.58 5.65986 1.78
1981 4 12 1.26 6.71284 2.42
1981 4 13 2.6 5.45678 3.8
1981 4 14 1.58 4.88412 0
1981 4 15 1.58 5.06918 0
1981 4 16 2.04 7.27258 8.4
1981 4 17 2.6 4.2281 9.62
1981 4 18 3.2 5.60104 0.3
1981 4 19 5.98 4.19492 2.6
1981 4 20 6.72 5.02406 2.42
1981 4 21 4.52 7.01568 0
1981 4 22 4.52 8.20552 0.26
1981 4 23 4.52 6.10974 0.52
1981 4 24 4.52 5.56068 0
1981 4 25 3.2 6.4891 0
1981 4 26 3.2 6.53662 0
1981 4 27 2.6 8.03518 0.68
1981 4 28 2.04 7.16066 0
1981 4 29 2.04 6.82782 2.8
1981 4 30 1.58 7.17416 1.3
1981 5 1 4.52 8.3108 0
1981 5 2 2.03 7.15976 0
1981 5 3 1.58 6.1426 0
1981 5 4 1.58 6.7138 0
1981 5 5 1.58 8.5763 0
1981 5 6 1.58 9.13374 0
1981 5 7 1.23 10.6386 0
1981 5 8 0.97 9.1706 0
1981 5 9 0.97 7.94734 0.74
1981 5 10 0.97 8.32676 0
1981 5 11 0.78 6.64692 0.82
1981 5 12 0.78 7.69362 3.26
1981 5 13 0.78 4.6272 1.14
1981 5 14 0.97 5.93688 0
1981 5 15 0.97 7.81608 0
1981 5 16 0.97 7.37122 0
1981 5 17 0.78 7.57066 0
1981 5 18 0.78 7.46242 0
1981 5 19 0.65 8.47602 0
1981 5 20 0.78 7.51782 6.94
1981 5 21 1.64 7.336 1.58
1981 5 22 1.45 5.8346 0
1981 5 23 1.45 8.9114 0
1981 5 24 1.45 8.70056 0
1981 5 25 1.2 8.64404 0
1981 5 26 1 8.64442 0
1981 5 27 0.5 9.21522 0.54
1981 5 28 0.81 6.58418 0
1981 5 29 0.81 7.68274 0
1981 5 30 0.81 9.35542 0
1981 5 31 0.81 9.29228 0
1981 6 1 0.5 8.0703 0.46
1981 6 2 0.5 6.4382 0.14
1981 6 3 0.5 5.91458 1.12
1981 6 4 0.4 9.02148 0
1981 6 5 0.5 9.67976 0
1981 6 6 0.5 7.69522 0.04
1981 6 7 0.4 4.1794 0.58
1981 6 8 0.58 6.8214 0
1981 6 9 0.48 8.9302 1.64
1981 6 10 0.48 7.6893 2.56
1981 6 11 0.48 8.49656 0
1981 6 12 0.26 11.2308 0
1981 6 13 0.23 10.7366 0
1981 6 14 0.26 10.7238 0
1981 6 15 0.26 7.36264 0.68
1981 6 16 0.3 5.63848 1.44
1981 6 17 0.4 5.92522 0.44
1981 6 18 0.48 6.822 0.06
1981 6 19 0.48 5.2541 2.24
1981 6 20 0.58 5.8544 15.78
1981 6 21 1.83 8.28034 6.36
1981 6 22 1.83 6.30828 1.56
1981 6 23 2.08 7.14786 6.88
1981 6 24 2.08 7.87798 0
1981 6 25 2.08 9.23776 0
1981 6 26 1.83 8.88058 0
1981 6 27 1.37 8.51776 1.16
1981 6 28 0.4 8.17408 1.78
1981 6 29 1.09 9.53406 4.12
1981 6 30 7.76 10.10674 0.04
1981 7 1 5.04 8.63924 0.08
1981 7 2 8.72 7.68428 15.12
1981 7 3 6.62 5.51702 20.08
1981 7 4 7.31 6.80626 2.18
1981 7 5 4.58 5.09424 5.64
1981 7 6 3.48 6.57056 0.52
1981 7 7 3.46 6.27462 3.7
1981 7 8 4.58 4.70222 3.88
1981 7 9 6.05 6.10402 0
1981 7 10 6.95 7.71 0.06
1981 7 11 5.26 8.03678 1.48
1981 7 12 4.58 7.21512 30.8
1981 7 13 22.3 5.72282 16.98
1981 7 14 41.2 4.76194 0.14
1981 7 15 23.7 7.95516 0
1981 7 16 10.5 7.7283 0
1981 7 17 9.47 9.4398 0
1981 7 18 6.43 10.8066 0.92
1981 7 19 5.32 12.4992 0
1981 7 20 6.17 11.2896 6.38
1981 7 21 6.15 9.40662 0
1981 7 22 5.01 9.61566 0
1981 7 23 4.1 10.654 0
1981 7 24 3.75 9.85968 3.78
1981 7 25 10.5 9.74442 0.1
1981 7 26 4.8 9.75186 0.06
1981 7 27 4.55 8.25288 0
1981 7 28 7.39 7.42662 6.04
1981 7 29 4.32 8.92872 4.98
1981 7 30 3.45 11.1806 0.02
1981 7 31 3.02 11.4008 2.86
1981 8 1 2.66 11.5348 0.02
1981 8 2 2.32 10.2842 0
1981 8 3 2.32 10.03026 0
1981 8 4 2.02 11.0174 0.14
1981 8 5 1.76 10.2328 0.3
1981 8 6 1.76 7.10622 0.26
1981 8 7 1.76 5.2472 0
1981 8 8 1.52 9.0678 0.14
1981 8 9 1.32 6.25676 3.96
1981 8 10 1.32 6.99674 0.2
1981 8 11 1.52 7.0574 0.66
1981 8 12 1.32 10.1102 0
1981 8 13 1.32 11.327 5.28
1981 8 14 2.24 5.77802 36.36
1981 8 15 13.4 5.04372 18
1981 8 16 13.7 4.96314 2.54
1981 8 17 7.05 4.25808 24.9
1981 8 18 14.4 3.99382 9.98
1981 8 19 25 5.19536 16.86
1981 8 20 63.2 6.6993 16.46
1981 8 21 152 5.02246 37.08
1981 8 22 139 5.00364 5.48
1981 8 23 96.4 4.82174 15.22
1981 8 24 114 5.7345 0.48
1981 8 25 71.4 6.58472 0
1981 8 26 42.3 5.77664 0
1981 8 27 27.2 8.3167 0
1981 8 28 20.9 6.17286 2.12
1981 8 29 20.9 5.54914 0
1981 8 30 16.8 6.66786 1.06
1981 8 31 16.8 3.77304 10.78
1981 9 1 20.9 4.3626 28.78
1981 9 2 54.6 4.37142 11.9
1981 9 3 77.2 3.65642 3.16
1981 9 4 53.8 4.16216 12.92
1981 9 5 71 3.13978 22.46
1981 9 6 121 4.08728 18.66
1981 9 7 147 4.78152 0.16
1981 9 8 86.4 4.43414 0
1981 9 9 63.1 5.1617 0
1981 9 10 39.8 6.01812 0
1981 9 11 35.1 4.42484 0
1981 9 12 31 5.67372 1.96
1981 9 13 27.2 4.28804 0.04
1981 9 14 29 4.4461 0.6
1981 9 15 27.2 4.75298 3.88
1981 9 16 29 5.74296 1.08
1981 9 17 27.2 6.02848 2.82
1981 9 18 23.8 6.60328 3.02
1981 9 19 22.3 6.57988 0
1981 9 20 20.9 6.99556 0.78
1981 9 21 20.9 6.87172 7.62
1981 9 22 20.9 3.3895 5.28
1981 9 23 22.3 5.56032 0.24
1981 9 24 18.7 6.5513 0
1981 9 25 18.7 8.42838 0
1981 9 26 12.8 6.1081 1.16
1981 9 27 13.5 4.94924 11.4
1981 9 28 15.8 5.0091 0
1981 9 29 12.8 3.09498 0.04
1981 9 30 12.8 3.66926 0.1
1981 10 1 10.5 6.30174 0.9
1981 10 2 12.2 4.8262 3
1981 10 3 10.5 3.42594 1.8
1981 10 4 9.88 3.96644 0
1981 10 5 9.88 2.58034 0
1981 10 6 9.88 4.07368 0
1981 10 7 9.31 5.467 0
1981 10 8 11.6 4.56544 0
1981 10 9 8.22 3.9145 0
1981 10 10 7.77 4.0041 0
1981 10 11 7.77 6.1809 0
1981 10 12 6.47 5.26046 0
1981 10 13 6.05 3.92376 0.42
1981 10 14 6.05 3.29804 0
1981 10 15 6.05 3.47618 0
1981 10 16 8.22 2.67614 0
1981 10 17 6.88 5.05078 0
1981 10 18 6.47 3.09986 0.48
1981 10 19 5.7 3.6487 0.96
1981 10 20 6.05 3.61884 1.22
1981 10 21 6.47 4.08452 0
1981 10 22 6.05 3.71196 0
1981 10 23 5.7 3.35 0
1981 10 24 5.39 3.60006 0
1981 10 25 5.39 4.17818 0
1981 10 26 5.39 3.73428 0
1981 10 27 5.39 3.21968 0
1981 10 28 5.39 4.98236 0
1981 10 29 5.39 4.26426 0
1981 10 30 5.39 4.53 1.14
1981 10 31 5.39 3.58028 3.44
1981 11 1 5.7 3.85094 0
1981 11 2 5.7 3.2856 0.02
1981 11 3 5.39 3.4328 0
1981 11 4 5.39 2.19866 7.5
1981 11 5 5.39 2.05728 4.22
1981 11 6 6.05 2.27878 1.32
1981 11 7 5.7 2.33684 0.24
1981 11 8 5.39 2.73216 0
1981 11 9 4.83 2.51528 0
1981 11 10 4.6 2.77542 0
1981 11 11 4.83 3.52428 0
1981 11 12 4.83 2.99906 0
1981 11 13 5.08 3.7381 0
1981 11 14 5.08 3.08784 0
1981 11 15 4.83 4.25076 0
1981 11 16 4.18 3.51442 0
1981 11 17 4.18 3.27196 0
1981 11 18 4.18 1.90874 0
1981 11 19 3.99 2.67496 0.04
1981 11 20 4.18 3.61048 0.16
1981 11 21 4.18 2.25368 0.14
1981 11 22 4.18 2.1165 0
1981 11 23 3.99 2.73162 0
1981 11 24 3.99 3.32142 0
1981 11 25 4.18 2.50054 0
1981 11 26 4.18 2.11344 0
1981 11 27 3.99 2.41482 0.1
1981 11 28 3.82 1.67314 0.44
1981 11 29 3.99 2.39164 0.26
1981 11 30 3.03 2.25108 0
1981 12 1 2.44 1.94618 0
1981 12 2 2.44 1.769 0.96
1981 12 3 1.88 1.91202 0
1981 12 4 2.15 2.29372 0
1981 12 5 3.03 1.83486 0
1981 12 6 2.73 2.54606 0.06
1981 12 7 2.73 2.4528 0.08
1981 12 8 2.73 1.51814 0
1981 12 9 2.44 2.33502 0
1981 12 10 2.44 2.35302 0
1981 12 11 2.73 2.6117 0
1981 12 12 2.73 1.53218 4.64
1981 12 13 3.03 1.95652 0.08
1981 12 14 3.03 2.21308 0
1981 12 15 2.44 2.44726 0.1
1981 12 16 2.73 2.58896 0.24
1981 12 17 2.44 2.31114 0
1981 12 18 1.19 2.17788 0
1981 12 19 2.15 1.74212 0
1981 12 20 1.19 1.91586 0
1981 12 21 1.49 2.52792 0.12
1981 12 22 2.5 2.59944 0
1981 12 23 2.5 2.18136 0
1981 12 24 1.8 2.26908 0
1981 12 25 2.5 2.41724 0
1981 12 26 2.87 3.17604 0
1981 12 27 2.5 2.48792 0
1981 12 28 2.87 2.78972 0
1981 12 29 1.8 1.33312 0
1981 12 30 1.49 2.15728 0
1981 12 31 1.8 2.59496 0
1982 1 1 1.82 2.31758 0
1982 1 2 2.11 2.9598 0
1982 1 3 2.11 2.33852 0
1982 1 4 2.11 2.49844 0
1982 1 5 1.82 2.04334 0
1982 1 6 1.82 2.51584 0
1982 1 7 2.11 2.53266 0
1982 1 8 1.82 3.62444 0
1982 1 9 2.11 2.9958 0
1982 1 10 2.11 2.98668 0
1982 1 11 2.11 2.91124 0
1982 1 12 1.55 1.74392 0
1982 1 13 1.82 2.66978 0
1982 1 14 2.55 3.29244 0
1982 1 15 2.26 2.60748 0
1982 1 16 2.42 2.1559 0
1982 1 17 2.42 2.8856 0
1982 1 18 1.48 1.84034 0
1982 1 19 1.68 1.98364 0
1982 1 20 1.5 2.12758 0
1982 1 21 1.73 2.36502 0
1982 1 22 1.82 1.31934 0
1982 1 23 1.55 1.4189 0.12
1982 1 24 1.31 1.37868 0.1
1982 1 25 1.31 2.0443 0.04
1982 1 26 1.55 2.64488 0
1982 1 27 2.55 1.50208 1.72
1982 1 28 2.16 1.88098 2.6
1982 1 29 2.16 1.77806 0
1982 1 30 1.91 1.39306 0
1982 1 31 1.91 2.19966 0
1982 2 1 2.35 2.67788 0.4
1982 2 2 2.35 1.47166 2.48
1982 2 3 2.35 1.64864 0.6
1982 2 4 2.35 1.79328 0.06
1982 2 5 2.35 1.71006 0
1982 2 6 2.11 1.7523 0.14
1982 2 7 2.11 1.77822 0
1982 2 8 2.11 1.58718 0.24
1982 2 9 1.89 1.6967 0.1
1982 2 10 2.11 2.59874 0
1982 2 11 2.11 2.31 0
1982 2 12 2.11 2.242 0.24
1982 2 13 2.11 2.62926 1.78
1982 2 14 2.35 1.96114 0.4
1982 2 15 2.11 2.1995 0
1982 2 16 2.11 3.33196 0
1982 2 17 2.35 2.48652 0
1982 2 18 2.35 3.09832 0
1982 2 19 2.35 2.81642 0
1982 2 20 2.35 4.0819 0
1982 2 21 2.59 3.39628 0.18
1982 2 22 2.59 3.02716 0.08
1982 2 23 2.59 3.08638 0
1982 2 24 2.35 3.71264 4.86
1982 2 25 2.59 2.16186 1.68
1982 2 26 2.59 2.02654 0
1982 2 27 2.59 2.76872 0.06
1982 2 28 2.35 3.30996 0
1982 3 1 2.35 3.72184 0
1982 3 2 2.59 3.11446 0
1982 3 3 2.59 2.19022 0.04
1982 3 4 2.59 2.16032 2.12
1982 3 5 2.59 2.26854 1.24
1982 3 6 2.59 2.81406 0.38
1982 3 7 2.59 2.98006 0.22
1982 3 8 2.59 3.8031 0
1982 3 9 2.35 4.43922 0
1982 3 10 2.59 4.46286 0
1982 3 11 2.86 4.3632 0
1982 3 12 3.17 3.60826 1.34
1982 3 13 3.17 2.4881 1.66
1982 3 14 3.17 4.6778 1.08
1982 3 15 3.17 5.27546 2.22
1982 3 16 3.17 2.89618 7.36
1982 3 17 4.27 3.49734 1.48
1982 3 18 3.88 2.4738 0.76
1982 3 19 3.88 3.5495 1.62
1982 3 20 3.51 5.70984 0
1982 3 21 4.67 6.22218 0
1982 3 22 6.1 6.22148 0
1982 3 23 5.11 4.82592 7.56
1982 3 24 5.6 3.01628 0.38
1982 3 25 5.11 2.66516 3.48
1982 3 26 3.88 2.05556 0
1982 3 27 3.88 2.61662 0
1982 3 28 3.88 3.78888 0.92
1982 3 29 3.88 5.08048 0
1982 3 30 3.88 4.03694 0
1982 3 31 3.88 4.91634 4.18
1982 4 1 5.11 4.73404 3.5
1982 4 2 6.1 5.5016 0
1982 4 3 4.67 5.12514 0
1982 4 4 4.27 5.99286 0
1982 4 5 3.88 6.035 0
1982 4 6 3.51 5.99686 0
1982 4 7 3.17 6.08874 0
1982 4 8 2.86 6.28726 0
1982 4 9 3.88 4.16024 3.28
1982 4 10 3.88 5.79944 0
1982 4 11 3.88 5.1696 0
1982 4 12 3.51 5.84414 0
1982 4 13 3.17 5.76482 0
1982 4 14 2.86 5.95392 0
1982 4 15 2.86 6.33462 0
1982 4 16 2.59 3.74836 0.22
1982 4 17 2.59 5.28122 0.06
1982 4 18 3.28 5.3207 0.86
1982 4 19 3.28 4.5729 2.06
1982 4 20 3.61 6.6981 0
1982 4 21 3.61 7.2692 0
1982 4 22 3.28 6.46714 0
1982 4 23 3.61 5.87834 0
1982 4 24 3.61 6.37332 1.28
1982 4 25 3.61 6.6043 0
1982 4 26 3.61 7.86024 7.12
1982 4 27 3.88 5.80772 2.84
1982 4 28 4.27 4.92342 0
1982 4 29 3.51 5.37108 0
1982 4 30 3.17 6.9119 0
1982 5 1 2.86 9.1611 0
1982 5 2 2.86 9.93734 0
1982 5 3 2.59 6.38356 0.04
1982 5 4 1.7 8.80776 0.76
1982 5 5 1.7 7.56614 0.38
1982 5 6 1.7 7.55284 0
1982 5 7 1.38 9.38806 0
1982 5 8 0.97 5.2698 0
1982 5 9 0.97 7.89518 0.16
1982 5 10 0.86 7.95344 2.08
1982 5 11 1.23 6.62552 11.18
1982 5 12 1.89 5.12638 0.1
1982 5 13 2.35 5.2067 0
1982 5 14 2.35 5.8518 0
1982 5 15 2.35 5.10566 0.06
1982 5 16 2.11 7.13522 0
1982 5 17 1.89 6.07542 0
1982 5 18 1.54 9.23422 0
1982 5 19 1.23 7.98534 0
1982 5 20 1.09 8.24418 0
1982 5 21 0.97 8.59332 0
1982 5 22 0.86 8.89206 0
1982 5 23 0.86 9.3524 0
1982 5 24 0.63 8.70222 0
1982 5 25 0.5 8.25576 0
1982 5 26 0.56 7.73282 1.9
1982 5 27 2.55 7.09252 0.64
1982 5 28 1.95 6.90932 0.38
1982 5 29 1.76 7.06882 0.06
1982 5 30 1.95 8.39846 0
1982 5 31 1.45 7.03832 2.42
1982 6 1 1.19 6.21928 0
1982 6 2 0.98 8.82678 0
1982 6 3 1.08 7.55084 0.76
1982 6 4 1.08 8.18532 0
1982 6 5 1.19 6.95612 0.06
1982 6 6 1.45 8.15582 0.04
1982 6 7 0.79 9.95766 0.08
1982 6 8 0.54 8.19164 0.38
1982 6 9 0.98 9.50168 0.24
1982 6 10 1.32 8.36232 10
1982 6 11 1.08 7.3266 0.44
1982 6 12 1.32 8.44702 0
1982 6 13 0.98 8.02716 0
1982 6 14 0.47 7.25786 0.9
1982 6 15 0.47 8.131 0.06
1982 6 16 0.47 9.6276 0
1982 6 17 0.4 9.35556 0
1982 6 18 0.47 10.08608 0
1982 6 19 0.4 9.8804 0
1982 6 20 0.54 7.64466 0.92
1982 6 21 0.98 8.75558 0
1982 6 22 0.98 8.92034 0
1982 6 23 0.98 10.14702 0
1982 6 24 0.47 10.091 0
1982 6 25 0.62 9.69062 0
1982 6 26 0.4 7.6505 2.04
1982 6 27 0.4 4.65132 0.36
1982 6 28 0.4 7.0695 0
1982 6 29 0.33 9.31568 0
1982 6 30 0.33 9.1242 0
1982 7 1 0.26 9.68548 0
1982 7 2 0.26 9.15144 5.06
1982 7 3 0.21 9.44296 0.16
1982 7 4 0.12 9.90164 0.46
1982 7 5 0.12 10.8252 0.1
1982 7 6 0.12 11.7924 0
1982 7 7 0.088 8.21092 1.72
1982 7 8 0.19 8.93316 16.26
1982 7 9 0.34 9.20496 4.86
1982 7 10 1.24 7.20822 0.18
1982 7 11 0.97 8.28802 0.96
1982 7 12 0.69 7.46356 0.62
1982 7 13 0.34 8.04268 0
1982 7 14 0.34 8.92436 0
1982 7 15 0.34 8.4893 0
1982 7 16 0.25 8.94688 0
1982 7 17 0.2 6.42908 0
1982 7 18 0.2 10.0183 0
1982 7 19 0.2 10.554 0
1982 7 20 0.2 9.85534 0
1982 7 21 0.16 7.28384 3.46
1982 7 22 0.25 5.58806 11.66
1982 7 23 0.62 6.05534 0
1982 7 24 0.4 8.5693 0
1982 7 25 0.33 9.37568 0.86
1982 7 26 0.4 7.48166 0
1982 7 27 0.21 9.81582 0
1982 7 28 0.21 9.22078 28.66
1982 7 29 30.7 4.88464 26.38
1982 7 30 5.45 5.32558 1.32
1982 7 31 3.08 6.0085 0.04
1982 8 1 2.94 4.72828 6.52
1982 8 2 3.2 7.1115 0
1982 8 3 2.75 6.37596 16.98
1982 8 4 9.15 8.23628 1
1982 8 5 3.76 8.9396 0
1982 8 6 2.63 6.9288 4.42
1982 8 7 2.5 8.38362 0
1982 8 8 2.5 7.54876 25.1
1982 8 9 18.5 7.1479 0
1982 8 10 5.9 7.65982 1.84
1982 8 11 10.4 7.9105 13.64
1982 8 12 20.6 7.3273 0.3
1982 8 13 4.52 7.77436 0.02
1982 8 14 3.2 8.00746 1.08
1982 8 15 2.58 6.925 3.88
1982 8 16 5.76 5.76984 4.32
1982 8 17 3.2 7.58282 0
1982 8 18 2.58 7.71046 1.64
1982 8 19 2.12 4.7504 2.3
1982 8 20 2.12 6.55474 0
1982 8 21 2.12 7.88612 0
1982 8 22 1.97 7.59354 2.16
1982 8 23 1.83 6.42072 6.22
1982 8 24 2.34 6.33944 0.04
1982 8 25 2.12 7.23116 0.24
1982 8 26 1.83 7.8454 1.18
1982 8 27 1.83 4.28936 0.56
1982 8 28 1.83 4.34644 0.76
1982 8 29 1.97 4.12976 16.12
1982 8 30 2.88 4.23438 6.32
1982 8 31 4.49 3.69674 8.4
1982 9 1 5.03 3.95406 13.1
1982 9 2 10.5 4.3955 4.86
1982 9 3 11.7 2.80696 1.38
1982 9 4 6.26 3.46722 10.48
1982 9 5 8.25 4.7893 0
1982 9 6 6.91 6.08544 10.32
1982 9 7 6.91 4.59726 3.22
1982 9 8 8.25 4.77652 0
1982 9 9 5.03 6.00354 0
1982 9 10 6.91 3.76394 7.54
1982 9 11 8.79 2.38582 2.86
1982 9 12 6.26 3.59776 1.58
1982 9 13 6.26 6.49208 0
1982 9 14 5.03 5.87364 0
1982 9 15 4.49 5.8533 0.8
1982 9 16 4 5.55154 8.58
1982 9 17 5.63 3.48708 0.26
1982 9 18 5.63 4.25146 0.68
1982 9 19 4.49 5.58926 0.22
1982 9 20 5.81 7.11926 0
1982 9 21 3.95 5.8925 0.74
1982 9 22 3.57 4.39498 1.74
1982 9 23 3.57 5.12698 4.5
1982 9 24 4.37 3.48442 5.22
1982 9 25 5.69 4.44904 2.7
1982 9 26 6.62 3.65904 0
1982 9 27 6.62 4.50608 0
1982 9 28 5.69 4.192 0
1982 9 29 5.23 2.46708 0
1982 9 30 4.8 3.64646 3.08
1982 10 1 4.37 2.56126 0.14
1982 10 2 4.37 4.30234 0.04
1982 10 3 3.95 4.35388 0
1982 10 4 3.2 4.25018 0
1982 10 5 2.88 5.39348 0
1982 10 6 2.88 6.13398 0
1982 10 7 2.88 5.59224 0
1982 10 8 2.58 6.9084 0
1982 10 9 2.34 6.45608 0
1982 10 10 2.34 4.32508 1.04
1982 10 11 2.34 4.63158 0.04
1982 10 12 2.34 4.13386 9.04
1982 10 13 2.34 4.16636 1.16
1982 10 14 3.57 4.63712 0
1982 10 15 2.88 5.20116 0.22
1982 10 16 2.88 4.23746 0.18
1982 10 17 2.34 4.7196 0
1982 10 18 2.12 7.20012 0
1982 10 19 2.12 4.25986 0
1982 10 20 1.97 4.66382 0
1982 10 21 1.97 4.8802 0
1982 10 22 1.97 3.7002 3.28
1982 10 23 1.83 2.60328 0.54
1982 10 24 1.97 3.20252 1.66
1982 10 25 2.12 3.93986 1.12
1982 10 26 2.12 4.25212 0.54
1982 10 27 2.12 3.8495 0.04
1982 10 28 2.12 2.83106 1.52
1982 10 29 2.12 2.73958 5.44
1982 10 30 2.34 3.98516 0.26
1982 10 31 2.58 3.61688 0
1982 11 1 2.34 4.15202 0
1982 11 2 2.12 3.14136 0
1982 11 3 2.12 3.23894 0
1982 11 4 2.12 2.69996 0
1982 11 5 2.12 2.29094 0.88
1982 11 6 2.12 3.47224 1.1
1982 11 7 2.12 2.37552 3.9
1982 11 8 2.34 4.57918 0
1982 11 9 3.77 2.81376 0
1982 11 10 2.58 2.54758 0
1982 11 11 2.12 2.84572 0
1982 11 12 1.83 3.2279 0
1982 11 13 1.83 3.0207 0
1982 11 14 1.7 2.19126 0
1982 11 15 1.58 2.02908 0
1982 11 16 1.58 3.3595 0
1982 11 17 1.58 3.46542 0
1982 11 18 1.58 2.96796 0
1982 11 19 1.58 2.8151 0
1982 11 20 1.58 1.54168 0.14
1982 11 21 1.58 3.41812 0
1982 11 22 1.47 2.35406 0
1982 11 23 1.47 2.64084 0
1982 11 24 1.37 2.34232 0
1982 11 25 1.37 1.65196 0
1982 11 26 1.37 1.6568 1.32
1982 11 27 1.47 1.64022 1.48
1982 11 28 1.47 2.07098 0
1982 11 29 1.37 2.33554 0
1982 11 30 1.28 2.3435 0
1982 12 1 1.19 2.441 0
1982 12 2 1.19 2.37282 0
1982 12 3 1.19 2.47906 0
1982 12 4 1.19 2.67572 0
1982 12 5 1.19 1.699 0
1982 12 6 0.75 1.8063 0
1982 12 7 0.75 1.07708 0
1982 12 8 0.81 1.50812 0.02
1982 12 9 0.81 1.66644 0
1982 12 10 0.92 2.39432 0
1982 12 11 0.92 1.65982 0
1982 12 12 0.75 1.50462 0.04
1982 12 13 0.7 2.4464 0
1982 12 14 0.75 1.41884 0
1982 12 15 0.75 2.4157 0
1982 12 16 0.81 2.40326 0
1982 12 17 0.75 1.84418 0
1982 12 18 0.81 1.85288 0
1982 12 19 0.75 2.3749 0
1982 12 20 0.81 2.9264 0
1982 12 21 0.81 3.13006 0
1982 12 22 0.81 2.82792 0
1982 12 23 0.81 2.8473 0
1982 12 24 0.7 1.5345 0
1982 12 25 0.64 2.2468 0
1982 12 26 0.75 3.33692 0
1982 12 27 0.59 3.01742 0
1982 12 28 0.64 2.6714 0
1982 12 29 0.64 2.44908 0
1982 12 30 0.7 2.3337 1.02
1982 12 31 0.96 1.29934 0.74
1983 1 1 0.89 1.71126 0
1983 1 2 0.8 1.8626 0.14
1983 1 3 1.03 1.5668 0.14
1983 1 4 0.89 2.20202 0
1983 1 5 0.8 2.271 0
1983 1 6 0.8 2.95952 0.04
1983 1 7 0.89 1.69326 0
1983 1 8 1.14 0.987988 0
1983 1 9 0.63 1.24382 0.5
1983 1 10 0.8 1.006054 1.46
1983 1 11 0.77 1.587 0
1983 1 12 0.79 1.8743 0
1983 1 13 0.77 2.03694 0
1983 1 14 0.74 2.12368 0
1983 1 15 0.74 1.5873 0
1983 1 16 0.69 1.6806 0.18
1983 1 17 0.69 1.91938 0
1983 1 18 0.69 2.34714 0
1983 1 19 0.74 1.42374 0
1983 1 20 0.69 1.74038 0
1983 1 21 0.63 1.57566 0
1983 1 22 0.63 1.45192 0
1983 1 23 0.57 1.93972 0
1983 1 24 0.57 2.09346 0
1983 1 25 0.57 2.34402 0
1983 1 26 0.79 2.8649 0
1983 1 27 0.84 3.07016 0
1983 1 28 0.84 2.99566 0
1983 1 29 0.79 3.01926 0
1983 1 30 0.84 2.69712 1.26
1983 1 31 0.84 2.07112 0.12
1983 2 1 0.9 2.5756 0
1983 2 2 0.9 2.25488 0
1983 2 3 0.88 2.4736 0
1983 2 4 0.88 2.9403 0
1983 2 5 0.9 2.88934 0
1983 2 6 0.9 1.8476 0.26
1983 2 7 0.79 2.44318 0
1983 2 8 0.89 3.5906 0
1983 2 9 0.89 2.92606 0
1983 2 10 0.89 3.51644 0
1983 2 11 0.89 3.2007 0
1983 2 12 1.14 2.8301 0
1983 2 13 1.14 3.2942 0
1983 2 14 1.14 3.09358 0
1983 2 15 1.03 2.50236 0
1983 2 16 1.14 4.02158 0
1983 2 17 0.89 3.44388 0
1983 2 18 1.14 2.66126 0
1983 2 19 1.03 2.89208 0
1983 2 20 1.03 2.39016 0
1983 2 21 1.03 2.78998 0
1983 2 22 1.03 2.2919 0.32
1983 2 23 1.03 2.81448 0
1983 2 24 1.35 2.99248 0
1983 2 25 1.5 2.98752 0.64
1983 2 26 1.35 2.03362 0.92
1983 2 27 1.35 2.56608 1.98
1983 2 28 1.35 2.02298 0
1983 3 1 1.5 2.63986 0
1983 3 2 1.5 1.92246 0.48
1983 3 3 1.35 3.4827 0
1983 3 4 1.22 2.84092 0
1983 3 5 1.09 3.03376 0
1983 3 6 1.22 3.69278 0
1983 3 7 1.35 3.61792 0.12
1983 3 8 1.35 2.8038 1.04
1983 3 9 1.22 3.48928 0
1983 3 10 1.09 4.70996 0
1983 3 11 1.35 5.093 0
1983 3 12 1.5 5.41592 0
1983 3 13 1.5 4.39992 1.78
1983 3 14 1.09 4.00602 0
1983 3 15 1.09 5.18322 0
1983 3 16 1.09 4.6114 0
1983 3 17 0.98 4.60008 0
1983 3 18 0.98 4.3903 0
1983 3 19 0.98 4.19232 0
1983 3 20 0.98 5.96332 0
1983 3 21 1.09 4.66954 8.08
1983 3 22 1.99 3.76524 2.84
1983 3 23 2.18 2.76156 0.42
1983 3 24 1.65 2.31648 0
1983 3 25 1.83 3.58952 0.54
1983 3 26 2.18 2.69182 0.46
1983 3 27 2.58 3.5495 1.04
1983 3 28 2.37 3.51084 3.6
1983 3 29 1.99 3.312 0.46
1983 3 30 2.18 3.59726 0.48
1983 3 31 1.99 5.44254 0
1983 4 1 1.99 6.45852 0
1983 4 2 2.18 5.95702 0.26
1983 4 3 2.18 6.23856 0
1983 4 4 1.99 6.59324 0
1983 4 5 1.99 7.01934 0.14
1983 4 6 1.83 6.30438 0
1983 4 7 1.99 8.4252 0
1983 4 8 1.83 6.44112 0.16
1983 4 9 1.83 6.19632 6.96
1983 4 10 3.38 4.60752 17.98
1983 4 11 7.21 5.61222 0
1983 4 12 5.57 4.37286 0.06
1983 4 13 5.68 4.25796 0.26
1983 4 14 4.57 4.36112 1.22
1983 4 15 4.57 4.45246 0
1983 4 16 4.21 6.20518 0
1983 4 17 2.8 6.0112 0
1983 4 18 2.58 5.24828 0
1983 4 19 2.37 4.94392 19.3
1983 4 20 3.6 4.69568 5.22
1983 4 21 12.3 6.76376 0
1983 4 22 7.14 7.0145 1.04
1983 4 23 5.22 6.55088 0
1983 4 24 3.95 6.24642 7
1983 4 25 4.25 5.05922 0.12
1983 4 26 5.57 6.93636 0
1983 4 27 4.87 8.39148 0.12
1983 4 28 4.55 6.73648 0
1983 4 29 3.4 4.17302 0.16
1983 4 30 2.9 4.71802 0
1983 5 1 2.68 5.87686 1.28
1983 5 2 4.13 4.48212 25.6
1983 5 3 10.9 3.66888 1.4
1983 5 4 7.14 4.90132 0
1983 5 5 6.72 6.86004 0.2
1983 5 6 6.32 7.58764 0
1983 5 7 4.87 7.20424 0
1983 5 8 3.95 7.99898 0
1983 5 9 3.4 8.89316 0
1983 5 10 3.4 9.35638 0
1983 5 11 2.9 8.4549 0
1983 5 12 2.48 7.29306 18.82
1983 5 13 7.66 4.5305 32.12
1983 5 14 31.5 6.27762 0.04
1983 5 15 22.9 6.9669 0
1983 5 16 12.3 5.51662 0
1983 5 17 10.2 8.4779 0
1983 5 18 8.24 7.1721 0.16
1983 5 19 7.17 6.1131 0.28
1983 5 20 6.77 6.95982 0.04
1983 5 21 6 6.38706 4.68
1983 5 22 6.36 5.68572 0.06
1983 5 23 6.36 4.2105 20.18
1983 5 24 11.6 3.93786 26.34
1983 5 25 28.9 4.29564 8.08
1983 5 26 33.2 5.64534 0
1983 5 27 23.7 7.57362 0
1983 5 28 15.3 7.8704 0
1983 5 29 11.7 6.88474 0
1983 5 30 10.2 9.27836 0.08
1983 5 31 9 4.7441 4.66
1983 6 1 10.2 6.31438 0
1983 6 2 7.33 7.51648 0
1983 6 3 6.64 9.01734 13.1
1983 6 4 8.28 5.86922 8.48
1983 6 5 9 5.6766 0.12
1983 6 6 6.9 6.79444 0
1983 6 7 5.28 7.3715 0
1983 6 8 5.28 8.01962 0
1983 6 9 5.28 8.0149 0
1983 6 10 4.21 8.79032 21.52
1983 6 11 9.54 6.92988 0
1983 6 12 6.5 7.59844 0
1983 6 13 4.21 6.89964 0
1983 6 14 6.9 8.02898 0
1983 6 15 3.89 8.63364 1.28
1983 6 16 3.04 8.88446 0
1983 6 17 3.04 9.65028 0.02
1983 6 18 3.4 6.00248 10.24
1983 6 19 4.21 5.21424 0
1983 6 20 3.6 4.745 2.38
1983 6 21 3.6 5.3851 7.6
1983 6 22 4.92 5.48244 3.78
1983 6 23 8.56 4.15184 26.16
1983 6 24 18.9 4.91844 7.78
1983 6 25 13.8 5.92498 11.28
1983 6 26 14.4 4.87252 0
1983 6 27 11.3 7.63424 0
1983 6 28 8.38 7.69226 0
1983 6 29 6.9 8.98896 0
1983 6 30 6.48 5.63718 0.66
1983 7 1 5.68 8.48756 0.94
1983 7 2 5.28 9.34398 0.14
1983 7 3 4.21 8.1306 0
1983 7 4 3.89 7.47712 0.64
1983 7 5 3.6 6.47746 0
1983 7 6 3.31 5.69554 0.14
1983 7 7 3.04 7.08246 0
1983 7 8 3.4 5.49496 0
1983 7 9 2.9 5.13314 0
1983 7 10 2.9 6.9375 0
1983 7 11 2.68 5.20482 1.48
1983 7 12 2.48 3.86388 3.88
1983 7 13 3.6 7.51756 3.02
1983 7 14 3.6 8.01388 0
1983 7 15 2.58 8.15344 0
1983 7 16 2.37 9.384 0
1983 7 17 2.58 8.25182 0
1983 7 18 2.37 6.61754 2.48
1983 7 19 2.37 6.00438 0.7
1983 7 20 2.18 7.546 0
1983 7 21 1.83 6.38616 0
1983 7 22 1.65 5.67758 0
1983 7 23 1.83 5.98134 0
1983 7 24 1.5 9.00192 0.98
1983 7 25 1.65 10.6042 0
1983 7 26 1.91 11.2354 0
1983 7 27 1.35 10.4724 10.94
1983 7 28 5.21 6.12424 34.5
1983 7 29 8.84 4.6724 15.18
1983 7 30 6.48 6.44492 0
1983 7 31 7.85 4.51128 0
1983 8 1 4.57 7.52992 0
1983 8 2 2.8 10.5664 0
1983 8 3 2.37 8.25776 0.06
1983 8 4 1.83 7.96516 5.26
1983 8 5 2.18 6.68558 0
1983 8 6 2.18 6.8971 0
1983 8 7 1.65 9.66824 0
1983 8 8 1.99 10.5198 0
1983 8 9 1.83 11.1612 2.82
1983 8 10 1.83 9.38664 6.76
1983 8 11 2.83 9.85952 1.86
1983 8 12 5.09 8.84848 1.24
1983 8 13 2.8 7.53818 0.42
1983 8 14 2.18 8.19334 0
1983 8 15 1.83 7.28528 10.26
1983 8 16 2.37 5.56648 59.74
1983 8 17 48.5 4.50596 15.16
1983 8 18 46 4.6787 0.2
1983 8 19 29.3 6.17078 0
1983 8 20 19.2 6.51546 0
1983 8 21 12.2 5.40498 6.82
1983 8 22 9.56 6.07702 1.18
1983 8 23 7.99 7.76228 0.7
1983 8 24 7.33 7.78414 4.4
1983 8 25 8.31 6.55404 1.52
1983 8 26 6.08 8.04262 0.08
1983 8 27 5.28 8.21306 1.96
1983 8 28 8.18 6.81648 1.96
1983 8 29 7.94 8.07348 0
1983 8 30 4.92 6.89918 0
1983 8 31 5.28 7.757 0.22
1983 9 1 7.54 7.5833 1.8
1983 9 2 5.21 6.92418 0
1983 9 3 3.6 9.21596 0
1983 9 4 14.2 5.56682 18.72
1983 9 5 17.5 7.07464 8.38
1983 9 6 15.9 5.58294 19.16
1983 9 7 33.3 5.68368 1.34
1983 9 8 17.9 5.05952 0
1983 9 9 9.56 4.88868 2.18
1983 9 10 7.85 4.65908 0.6
1983 9 11 6.9 6.18872 7.54
1983 9 12 7.16 4.87368 3.36
1983 9 13 10.2 5.59942 0
1983 9 14 7.33 6.33812 0
1983 9 15 6.48 5.92554 0.2
1983 9 16 6.48 5.1196 0
1983 9 17 6.08 5.50882 0.06
1983 9 18 5.68 5.4273 0
1983 9 19 5.28 4.51192 14.06
1983 9 20 7.85 3.75872 10.1
1983 9 21 11.3 3.59846 2.62
1983 9 22 12.3 2.92022 6.98
1983 9 23 12.3 5.47336 0
1983 9 24 10.7 3.53742 0
1983 9 25 10.2 3.59414 17
1983 9 26 19.6 3.10958 28.62
1983 9 27 78.6 3.06676 3.98
1983 9 28 68.3 4.57976 1.22
1983 9 29 44.1 4.71304 0
1983 9 30 27.8 4.40548 0
1983 10 1 24.4 5.24528 0
1983 10 2 20.5 4.41458 7.74
1983 10 3 24.4 3.71376 9.94
1983 10 4 26.9 3.00926 8.74
1983 10 5 23.6 4.39144 4.94
1983 10 6 26 3.60164 5.98
1983 10 7 29.7 5.30362 0
1983 10 8 22 5.02526 0.02
1983 10 9 20.5 5.78426 0.16
1983 10 10 16.3 4.89372 0.32
1983 10 11 13.5 3.04776 10.32
1983 10 12 22.8 2.72612 0.44
1983 10 13 15.7 3.6584 0
1983 10 14 11.7 3.88958 0.24
1983 10 15 10.9 2.3385 8.02
1983 10 16 12.7 2.09656 5.82
1983 10 17 15.1 2.603 0.2
1983 10 18 14.5 2.32424 4.1
1983 10 19 15.7 2.95598 1.72
1983 10 20 14.5 2.75766 0
1983 10 21 12.7 2.89944 0.1
1983 10 22 11.7 3.45294 0.54
1983 10 23 11.3 3.75896 6.78
1983 10 24 13.1 3.19216 2.82
1983 10 25 13.1 3.7653 0
1983 10 26 12.2 3.56288 0
1983 10 27 10.2 2.67522 0
1983 10 28 11.7 3.66676 0
1983 10 29 9.53 4.15344 0
1983 10 30 9.13 3.81452 0
1983 10 31 8.72 4.45274 0
1983 11 1 7.59 3.77082 0
1983 11 2 7.59 4.50572 0
1983 11 3 7.25 3.62844 0
1983 11 4 6.93 3.7358 0
1983 11 5 7.25 4.06598 0
1983 11 6 6.63 3.80578 0.16
1983 11 7 6.63 3.19482 6.86
1983 11 8 7.59 3.05692 0.28
1983 11 9 7.25 3.58428 0
1983 11 10 6.93 3.11242 0
1983 11 11 6.93 3.59152 0
1983 11 12 6.34 2.86612 0
1983 11 13 6.34 3.25298 0
1983 11 14 6.34 4.0495 0
1983 11 15 6.06 4.20574 0
1983 11 16 5.78 3.37234 0
1983 11 17 5.52 3.12406 0.06
1983 11 18 5.52 3.10304 0
1983 11 19 5.52 3.22666 0
1983 11 20 5.52 2.35494 0
1983 11 21 5.52 2.42946 0
1983 11 22 5.24 2.5472 0
1983 11 23 5.24 3.35688 0
1983 11 24 4.98 2.23132 0
1983 11 25 4.73 3.03836 0
1983 11 26 4.73 2.86888 0
1983 11 27 4.22 3.1233 0
1983 11 28 3.98 3.17258 0
1983 11 29 3.98 3.79398 0
1983 11 30 3.98 2.2682 0
1983 12 1 3.73 1.2045 0
1983 12 2 3.73 2.69558 0
1983 12 3 3.73 3.01692 0
1983 12 4 3.73 2.77774 0
1983 12 5 3.98 2.94514 0
1983 12 6 3.73 2.53378 0
1983 12 7 3.52 2.3576 0
1983 12 8 3.31 2.36174 0
1983 12 9 3.52 3.10972 0
1983 12 10 3.31 2.69766 0
1983 12 11 3.31 2.4692 0
1983 12 12 3.1 2.6291 0
1983 12 13 3.31 2.73542 0
1983 12 14 3.52 1.5625 0
1983 12 15 3.31 1.80358 0
1983 12 16 3.1 2.52528 0
1983 12 17 3.31 2.37318 0
1983 12 18 3.1 1.85156 0
1983 12 19 2.92 1.38788 0.22
1983 12 20 3.52 2.08606 0
1983 12 21 3.31 1.96234 0
1983 12 22 3.52 1.92548 0
1983 12 23 2.5 1.91604 0
1983 12 24 2.62 1.79804 0
1983 12 25 2.58 2.43864 0
1983 12 26 2.64 2.25256 0
1983 12 27 2.62 1.77058 0
1983 12 28 2.45 1.32934 0.68
1983 12 29 2.3 1.26698 0.1
1983 12 30 2.36 1.36862 0.14
1983 12 31 2.36 0.994622 0.08
1984 1 1 2.29 1.747 0
1984 1 2 2.52 1.96878 0
1984 1 3 2.51 1.35124 0
1984 1 4 2.49 2.10184 0
1984 1 5 2.5 1.82708 0
1984 1 6 2.49 2.1114 0
1984 1 7 2.44 2.34082 0
1984 1 8 1.67 2.62438 0
1984 1 9 1.65 2.15684 0
1984 1 10 1.54 2.72124 0
1984 1 11 1.58 2.7641 0
1984 1 12 1.65 2.41074 0
1984 1 13 1.69 2.83822 0
1984 1 14 1.69 2.9113 0
1984 1 15 1.71 2.04388 0
1984 1 16 2.1 1.23448 0.06
1984 1 17 1.86 0.870554 3.34
1984 1 18 2.17 1.6745 0.64
1984 1 19 2.24 1.27922 0.42
1984 1 20 2.21 1.57608 0.24
1984 1 21 2.17 1.58734 0
1984 1 22 2.1 1.12552 0
1984 1 23 1.65 1.38942 0.18
1984 1 24 1.72 1.50184 0.14
1984 1 25 1.72 1.62744 0.08
1984 1 26 1.7 1.68992 0.64
1984 1 27 1.27 0.983476 2.16
1984 1 28 1.72 1.4112 0.64
1984 1 29 1.7 1.04008 0
1984 1 30 1.72 1.19424 0
1984 1 31 1.7 1.4133 0
1984 2 1 1.71 1.94022 0
1984 2 2 1.71 1.68996 0.08
1984 2 3 1.71 1.3699 0.14
1984 2 4 1.71 1.09666 0
1984 2 5 1.72 1.65642 0
1984 2 6 1.72 1.73262 0
1984 2 7 1.71 1.90914 0
1984 2 8 1.71 2.10328 3.18
1984 2 9 1.71 1.85576 0.2
1984 2 10 1.72 1.78064 0
1984 2 11 1.71 1.33266 0
1984 2 12 1.71 2.34002 0
1984 2 13 2.27 1.97694 0
1984 2 14 2.27 3.66702 0
1984 2 15 2.27 4.2067 0
1984 2 16 2.27 3.5666 0
1984 2 17 2.58 2.47332 0
1984 2 18 2.58 2.49416 0
1984 2 19 2.55 2.0618 0
1984 2 20 2.55 2.48014 0.1
1984 2 21 2.55 1.93166 0.42
1984 2 22 2.49 2.38328 0
1984 2 23 2.55 2.3275 0.06
1984 2 24 2.55 2.14848 0.14
1984 2 25 2.22 2.52484 0
1984 2 26 2.38 2.65228 0
1984 2 27 2.38 2.3705 0
1984 2 28 2.38 3.10902 0
1984 2 29 2.38 3.4243 0
1984 3 1 2.38 4.1228 0
1984 3 2 2.49 4.0684 0
1984 3 3 2.38 3.32412 0
1984 3 4 2.38 4.2352 0
1984 3 5 2.38 3.85412 0
1984 3 6 2.49 2.29252 0.08
1984 3 7 2.49 3.53988 0.28
1984 3 8 2.38 3.88858 0
1984 3 9 2.38 3.45624 0.24
1984 3 10 2.38 3.29688 0.04
1984 3 11 2.38 4.04826 0
1984 3 12 2.73 2.83808 3.26
1984 3 13 2.73 2.64198 0.02
1984 3 14 2.73 2.55044 0.08
1984 3 15 2.73 4.38122 0
1984 3 16 2.47 4.62176 0
1984 3 17 2.73 4.93596 0
1984 3 18 2.99 5.39176 0
1984 3 19 2.73 4.50384 0
1984 3 20 2.73 4.5176 0.8
1984 3 21 2.47 4.26502 0
1984 3 22 2.47 5.77688 0
1984 3 23 2.23 5.1649 0
1984 3 24 2.23 3.32784 0
1984 3 25 1.97 4.01752 0
1984 3 26 1.97 3.11086 0.04
1984 3 27 1.97 5.68528 0
1984 3 28 1.97 7.45712 0
1984 3 29 1.97 6.6117 0
1984 3 30 1.7 5.2414 0
1984 3 31 1.7 5.53794 0
1984 4 1 1.7 6.55148 0
1984 4 2 1.7 4.52656 0
1984 4 3 1.97 3.19996 12.8
1984 4 4 2.47 4.33958 0.1
1984 4 5 2.73 3.90228 0.52
1984 4 6 2.23 3.43282 0.02
1984 4 7 2.23 3.45338 3.44
1984 4 8 2.23 4.97258 0
1984 4 9 2.23 4.63232 0.48
1984 4 10 2.23 3.70612 3.9
1984 4 11 2.47 3.77728 2.68
1984 4 12 2.73 6.63398 0
1984 4 13 2.73 7.63802 0
1984 4 14 2.47 8.9951 0
1984 4 15 2.23 7.96442 0
1984 4 16 3.37 6.55996 1.46
1984 4 17 3.26 3.35518 1.72
1984 4 18 2.47 5.0267 0
1984 4 19 2.47 4.73436 0.76
1984 4 20 2.23 4.65318 0
1984 4 21 1.97 5.79608 0
1984 4 22 1.97 6.49086 1.38
1984 4 23 1.97 6.06244 0.3
1984 4 24 1.7 7.87342 0
1984 4 25 1.43 10.2448 0
1984 4 26 1.17 7.09912 0
1984 4 27 1.17 4.48822 0
1984 4 28 1.17 5.01806 0
1984 4 29 1.17 6.93988 0
1984 4 30 0.62 7.26132 0
1984 5 1 0.89 5.92558 11.36
1984 5 2 1.7 3.80952 3.14
1984 5 3 2.23 4.4327 0
1984 5 4 1.97 5.87878 0
1984 5 5 1.7 5.83884 0
1984 5 6 1.43 5.99564 0.04
1984 5 7 1.43 8.42034 0
1984 5 8 0.89 8.58398 0
1984 5 9 0.89 9.02978 0
1984 5 10 0.89 8.61156 1.88
1984 5 11 2.32 6.15714 2.08
1984 5 12 2.33 7.02684 0
1984 5 13 1.87 7.62282 0.2
1984 5 14 2.06 5.11374 8.82
1984 5 15 2.68 4.76196 0.06
1984 5 16 2.47 5.2313 3.76
1984 5 17 2.68 6.27184 0
1984 5 18 2.68 7.159 0
1984 5 19 2.93 5.99358 7.98
1984 5 20 4.96 7.24918 2.36
1984 5 21 5.54 5.03414 4.46
1984 5 22 4.89 3.78916 10.36
1984 5 23 5.92 4.54756 4.32
1984 5 24 6.78 6.29442 2.72
1984 5 25 7.45 6.5955 5.22
1984 5 26 5.08 6.78776 2.16
1984 5 27 4.52 7.10446 0.6
1984 5 28 4.16 7.32094 1.98
1984 5 29 3.62 7.97406 1.58
1984 5 30 3.62 5.13344 0.34
1984 5 31 3.35 6.71074 0
1984 6 1 3.09 8.5904 2.82
1984 6 2 3.09 10.3298 0.24
1984 6 3 3.09 8.84878 0.26
1984 6 4 2.32 8.53188 1.22
1984 6 5 2.08 6.4313 4.64
1984 6 6 2.57 7.2593 0
1984 6 7 2.32 6.27572 0
1984 6 8 1.61 8.42446 0
1984 6 9 1.17 8.54638 0
1984 6 10 0.98 9.83824 0
1984 6 11 0.8 10.28 0
1984 6 12 0.8 8.17474 6.42
1984 6 13 0.98 5.74138 14.98
1984 6 14 2.4 5.75882 1.98
1984 6 15 3.09 7.55992 0
1984 6 16 2.83 6.96776 0
1984 6 17 2.08 7.18716 2.02
1984 6 18 2.57 9.2057 0
1984 6 19 2.57 4.58208 8.4
1984 6 20 2.57 5.23792 28.54
1984 6 21 10 4.99476 5.36
1984 6 22 16.6 3.797 15.8
1984 6 23 17.7 4.50208 1.54
1984 6 24 20.5 5.25266 3.86
1984 6 25 14.3 4.39742 1.24
1984 6 26 9.88 4.1318 3.2
1984 6 27 7.45 6.02676 0
1984 6 28 5.6 6.58754 0
1984 6 29 5.6 8.80002 0.5
1984 6 30 5.29 9.45656 1.46
1984 7 1 4.72 6.88962 4.9
1984 7 2 5.9 6.63424 0.06
1984 7 3 5.6 8.04986 0.04
1984 7 4 5 8.08746 7.3
1984 7 5 5.29 4.89282 3.58
1984 7 6 6.2 4.90612 0.3
1984 7 7 5.29 7.16962 0
1984 7 8 5 9.11614 0.16
1984 7 9 4.72 6.73472 20.32
1984 7 10 9.27 5.7473 19.2
1984 7 11 60.1 6.1953 3.18
1984 7 12 39.9 5.37072 1.4
1984 7 13 32.4 4.71854 1.52
1984 7 14 22.9 6.43792 0
1984 7 15 17.8 8.92494 0
1984 7 16 13.5 6.18374 3.06
1984 7 17 12.5 5.88734 0.18
1984 7 18 12.5 7.7436 0.3
1984 7 19 11.7 6.84476 0.22
1984 7 20 10.8 7.0496 0
1984 7 21 10.8 7.61812 0
1984 7 22 10.8 6.70974 0.1
1984 7 23 10.4 5.19914 11.9
1984 7 24 11.8 6.18852 11.22
1984 7 25 12 5.67178 5.84
1984 7 26 14.5 7.9 0
1984 7 27 12.1 9.00288 0
1984 7 28 11.2 10.2696 1.16
1984 7 29 10.4 5.4443 12.18
1984 7 30 10.7 5.6664 3.82
1984 7 31 17.4 9.1764 3.34
1984 8 1 21.8 8.8254 2.7
1984 8 2 12 6.47886 4.5
1984 8 3 16.3 5.68366 9.52
1984 8 4 23 6.1264 0
1984 8 5 16.8 7.03736 0
1984 8 6 12.7 7.70744 0
1984 8 7 11.4 9.14588 0
1984 8 8 9.49 8.5763 0
1984 8 9 8.25 8.68024 0
1984 8 10 6.84 8.16728 1.3
1984 8 11 6.53 9.42852 1.18
1984 8 12 5.96 8.41522 0.44
1984 8 13 5.71 7.85964 3.14
1984 8 14 5.96 8.65038 0
1984 8 15 5.96 9.51716 0
1984 8 16 5.48 7.63428 0.84
1984 8 17 5.71 5.74454 19.94
1984 8 18 8.97 4.5259 5.2
1984 8 19 11.4 5.83662 3.98
1984 8 20 7.5 7.34708 4.6
1984 8 21 21.6 7.44254 3.9
1984 8 22 17.7 7.52958 4.64
1984 8 23 12.8 6.80528 0.02
1984 8 24 7.68 7.04878 5.84
1984 8 25 8.62 7.53672 0
1984 8 26 8.25 7.87372 23.66
1984 8 27 17.5 6.409 0
1984 8 28 9.13 5.0185 3.5
1984 8 29 9.44 6.11386 0
1984 8 30 8.43 6.9858 0
1984 8 31 6.84 4.75258 2.96
1984 9 1 9.06 6.29248 1
1984 9 2 6.53 6.21626 0.12
1984 9 3 5.96 7.02628 5.18
1984 9 4 7.4 5.42718 10.96
1984 9 5 11.4 4.83396 0
1984 9 6 9.49 6.1835 0.16
1984 9 7 8.65 4.07728 28.8
1984 9 8 25.6 4.5484 16.48
1984 9 9 69.3 3.29288 14.14
1984 9 10 110 4.25748 0
1984 9 11 62 6.06772 0
1984 9 12 33.3 6.3098 6.04
1984 9 13 37.5 5.71748 1.32
1984 9 14 22.2 6.08492 0
1984 9 15 17.2 5.25818 7.38
1984 9 16 18.9 4.87332 1.5
1984 9 17 14.3 4.94878 0.22
1984 9 18 13.2 5.05212 0.44
1984 9 19 12.4 4.36532 2.14
1984 9 20 12 5.97504 7.72
1984 9 21 15.9 4.8285 1.42
1984 9 22 15.6 3.44194 9.16
1984 9 23 20.5 3.59084 9.36
1984 9 24 28.8 3.32956 0.98
1984 9 25 26 3.63614 5.58
1984 9 26 27.4 4.32304 9.44
1984 9 27 26 3.9412 0.08
1984 9 28 19.9 4.92556 0
1984 9 29 18 3.435 0
1984 9 30 16.3 4.01032 0
1984 10 1 15 3.0573 4.12
1984 10 2 14.3 3.47624 0.16
1984 10 3 14.3 3.57444 0
1984 10 4 13.2 4.23568 0
1984 10 5 12 4.28338 0
1984 10 6 11.3 4.61906 0
1984 10 7 10.9 5.16264 0
1984 10 8 10.2 3.19276 0
1984 10 9 9.88 4.17032 0
1984 10 10 9.88 5.20742 6.4
1984 10 11 10.9 4.07792 5.42
1984 10 12 13.2 3.47944 0
1984 10 13 10.9 3.56664 0
1984 10 14 9.88 4.12322 0
1984 10 15 10.2 3.46954 0
1984 10 16 9.57 3.73734 0
1984 10 17 9.28 3.9773 0
1984 10 18 9.28 5.19622 0
1984 10 19 8.77 4.47498 0
1984 10 20 8.29 4.63772 0
1984 10 21 8.29 4.97972 0
1984 10 22 8.03 5.4286 0.3
1984 10 23 7.52 5.47654 0
1984 10 24 7.78 4.76926 0
1984 10 25 7.78 3.4146 0.68
1984 10 26 7.78 3.81122 0
1984 10 27 7.78 2.83076 3.94
1984 10 28 7.78 3.56244 13.42
1984 10 29 8.53 2.15262 1.42
1984 10 30 8.53 1.92742 1.72
1984 10 31 8.29 2.99266 0
1984 11 1 8.29 2.9714 0
1984 11 2 8.29 4.33182 0
1984 11 3 7.78 3.54338 0
1984 11 4 7.52 4.15238 0
1984 11 5 7.23 4.95956 0
1984 11 6 6.94 3.23694 0
1984 11 7 6.94 4.0498 0
1984 11 8 6.94 3.61244 0
1984 11 9 6.94 3.28674 0.02
1984 11 10 6.94 2.30572 0
1984 11 11 6.94 2.85434 0
1984 11 12 6.64 2.03862 0
1984 11 13 6.64 2.19546 0.94
1984 11 14 6.94 2.57276 0.02
1984 11 15 6.64 2.72134 0.02
1984 11 16 6.32 2.93204 0.06
1984 11 17 6.32 3.44586 0.06
1984 11 18 6.32 3.32162 0
1984 11 19 6.01 3.27818 0.08
1984 11 20 5.72 1.16824 1.08
1984 11 21 5.72 2.2484 1.36
1984 11 22 5.72 2.21088 1.06
1984 11 23 5.4 2.2689 0
1984 11 24 5.4 1.88352 1.8
1984 11 25 5.4 1.36788 0.5
1984 11 26 5.72 2.2534 0
1984 11 27 5.4 2.5358 0
1984 11 28 4.75 1.94816 0
1984 11 29 5.07 2.27454 0
1984 11 30 5.07 2.87986 0
1984 12 1 4.75 3.14972 0
1984 12 2 4.75 3.00328 0
1984 12 3 4.75 2.71088 0.06
1984 12 4 4.15 1.84356 0
1984 12 5 4.15 2.29136 0
1984 12 6 4.22 2.26868 0
1984 12 7 4.38 1.3384 0
1984 12 8 4.52 1.54948 0
1984 12 9 4.45 1.37704 0
1984 12 10 4.42 1.55414 0
1984 12 11 4.45 1.99224 0
1984 12 12 4.45 1.20994 1.04
1984 12 13 4.45 1.11032 4.58
1984 12 14 4.48 1.18156 6.9
1984 12 15 4.48 0.820432 0.58
1984 12 16 4.45 1.17196 0.1
1984 12 17 4.52 1.39214 0
1984 12 18 4.33 0.604222 0
1984 12 19 4.45 1.35648 0
1984 12 20 4.45 1.28324 0
1984 12 21 4.33 0.971264 0
1984 12 22 4.45 0.981972 0.04
1984 12 23 4.38 0.842622 0
1984 12 24 3.28 0.932184 0.42
1984 12 25 2.88 1.1754 0
1984 12 26 3.43 0.836828 0
1984 12 27 3.16 1.16514 0
1984 12 28 3.03 1.1412 0
1984 12 29 2.88 1.2444 0
1984 12 30 2.58 1.32298 0
1984 12 31 2.73 1.41808 0
1985 1 1 3.02 0.911246 0
1985 1 2 3.49 1.5275 0.12
1985 1 3 3.82 0.859554 0.4
1985 1 4 3.65 1.87902 0.12
1985 1 5 3.17 1.42108 0
1985 1 6 3.33 1.3526 0.36
1985 1 7 3.33 1.23828 0.1
1985 1 8 2.73 1.48266 0
1985 1 9 3.02 2.09834 0
1985 1 10 3.02 2.2629 0
1985 1 11 3.02 1.93166 0
1985 1 12 3.02 1.72504 0
1985 1 13 3.02 1.84218 0
1985 1 14 2.73 1.78976 0
1985 1 15 2.87 1.89572 0
1985 1 16 2.45 2.14272 0
1985 1 17 2.58 2.56564 0
1985 1 18 2.45 2.1584 0
1985 1 19 2.73 2.63268 0
1985 1 20 3.02 2.1945 0
1985 1 21 2.73 1.73078 0
1985 1 22 2.22 1.75504 0.94
1985 1 23 2.22 1.92582 0
1985 1 24 3.21 2.18714 0
1985 1 25 3.49 2.50908 0
1985 1 26 3.49 2.9652 0
1985 1 27 3.77 2.1593 0
1985 1 28 3.49 2.71418 0
1985 1 29 4.04 2.33172 0
1985 1 30 3.77 2.30394 0
1985 1 31 2.94 2.60694 0
1985 2 1 2.94 3.44374 0
1985 2 2 3.77 3.00872 0
1985 2 3 3.21 2.97726 0
1985 2 4 3.21 2.63766 0
1985 2 5 3.21 3.07812 0
1985 2 6 2.68 2.17476 0
1985 2 7 2.45 1.96146 0
1985 2 8 4.01 2.73052 0
1985 2 9 4.01 3.00874 0
1985 2 10 3.65 2.6171 0.6
1985 2 11 3.65 4.0988 0
1985 2 12 3.65 3.70904 0
1985 2 13 3.65 4.38996 0
1985 2 14 4.01 2.93744 0
1985 2 15 4.01 3.456 0
1985 2 16 3.18 2.56692 1.64
1985 2 17 3.18 2.37236 0.2
1985 2 18 2.18 2.28366 0.06
1985 2 19 3.58 2.56372 0
1985 2 20 3.18 2.2995 0
1985 2 21 3.18 1.9575 0
1985 2 22 3.18 2.6905 0
1985 2 23 3.18 2.51032 0
1985 2 24 2.81 2.61924 0
1985 2 25 2.81 2.21052 0
1985 2 26 2.81 2.7021 0
1985 2 27 2.81 3.00076 0
1985 2 28 2.46 2.58596 0
1985 3 1 2.68 2.27356 0
1985 3 2 2.98 2.19856 0
1985 3 3 2.98 1.72304 0
1985 3 4 2.98 3.02846 0
1985 3 5 2.98 5.20956 0
1985 3 6 2.98 2.81574 0
1985 3 7 2.98 2.49966 1.32
1985 3 8 2.98 2.04352 0.4
1985 3 9 2.4 2.50358 0.46
1985 3 10 2.4 2.49338 0.04
1985 3 11 2.4 3.37906 0
1985 3 12 2.13 2.72862 0
1985 3 13 2.13 3.4416 0
1985 3 14 2.13 2.53884 0.26
1985 3 15 2.4 2.56692 0
1985 3 16 2.4 3.43982 1.12
1985 3 17 2.68 2.48314 0.04
1985 3 18 2.68 3.78176 0.08
1985 3 19 2.68 3.06592 0.5
1985 3 20 2.68 3.69836 0
1985 3 21 2.68 3.73946 0
1985 3 22 2.68 5.4968 0
1985 3 23 2.68 4.39186 0
1985 3 24 2.98 3.2784 0
1985 3 25 3.6 4.5116 0.04
1985 3 26 2.98 4.30272 0
1985 3 27 2.68 4.4995 0
1985 3 28 2.4 4.14432 0.08
1985 3 29 2.4 3.9592 0
1985 3 30 2.13 5.22848 0
1985 3 31 2.13 6.04476 0
1985 4 1 2.13 5.84206 1.3
1985 4 2 2.13 6.75074 0
1985 4 3 1.9 5.4303 0
1985 4 4 1.9 4.99014 0
1985 4 5 1.9 4.7894 0
1985 4 6 2.13 6.42014 0
1985 4 7 1.9 7.8429 0.62
1985 4 8 1.46 7.7767 4.48
1985 4 9 1.46 5.42382 1.46
1985 4 10 2.13 5.94428 0.82
1985 4 11 2.13 5.69878 9.38
1985 4 12 3.29 4.21648 1.22
1985 4 13 4.68 3.80856 0.38
1985 4 14 4.3 5.0122 2.84
1985 4 15 4.68 6.13206 0
1985 4 16 3.6 5.76112 0
1985 4 17 2.98 6.48502 0
1985 4 18 2.68 8.29366 0
1985 4 19 2.98 8.38992 0
1985 4 20 2.68 6.30482 0
1985 4 21 2.4 6.56336 0
1985 4 22 2.68 6.28172 0
1985 4 23 4.28 7.9977 0
1985 4 24 5.17 6.36968 0.38
1985 4 25 3.6 6.00004 0
1985 4 26 3.29 6.32512 0
1985 4 27 2.98 7.24056 0
1985 4 28 2.98 8.0675 0
1985 4 29 2.4 7.69772 0
1985 4 30 2.4 8.91552 0
1985 5 1 2.13 10.1084 0
1985 5 2 1.9 7.23246 0.06
1985 5 3 2.7 7.4264 6.44
1985 5 4 4.28 5.67588 6.34
1985 5 5 3.68 5.3279 0.16
1985 5 6 3.3 5.73836 0
1985 5 7 2.65 5.98488 0
1985 5 8 2.65 7.84136 0
1985 5 9 2.35 8.91174 0
1985 5 10 2.11 8.9729 0
1985 5 11 2.08 4.82338 7.58
1985 5 12 3.53 7.44456 9.26
1985 5 13 3.95 6.37968 9.48
1985 5 14 7.94 5.25454 0.04
1985 5 15 7.68 5.84234 0.26
1985 5 16 6.76 4.50038 13.24
1985 5 17 8.28 4.6415 0
1985 5 18 7.2 5.2544 0.08
1985 5 19 6.32 7.801 0
1985 5 20 5.49 6.80138 0
1985 5 21 6.56 7.87618 1.22
1985 5 22 7.07 8.11182 1.28
1985 5 23 3.68 7.22742 0
1985 5 24 2.97 9.26314 0
1985 5 25 2.65 4.84452 6.3
1985 5 26 3.68 4.56382 3.02
1985 5 27 4.4 5.26288 0
1985 5 28 3.3 4.61658 3.3
1985 5 29 3.3 4.24908 3.04
1985 5 30 3.68 5.94554 0
1985 5 31 3.3 7.43188 0
1985 6 1 2.11 7.3041 0.14
1985 6 2 1.89 8.78996 1.54
1985 6 3 1.48 5.78128 2.94
1985 6 4 1.68 5.4946 13.18
1985 6 5 3.29 4.4077 1.44
1985 6 6 5.05 7.4256 0
1985 6 7 4.3 8.56796 0
1985 6 8 3.6 7.08794 4.2
1985 6 9 2.98 6.737 0
1985 6 10 3.29 4.15194 0.16
1985 6 11 3.29 4.24788 0.3
1985 6 12 2.98 6.00762 0.02
1985 6 13 2.4 7.21198 0
1985 6 14 2.4 5.86628 1.94
1985 6 15 2.13 7.85046 0
1985 6 16 2.13 8.1097 0
1985 6 17 1.9 9.9243 0
1985 6 18 1.68 10.1228 0
1985 6 19 1.27 8.00058 0
1985 6 20 1.27 5.80262 0
1985 6 21 1.27 7.75498 0
1985 6 22 1.27 5.64236 0
1985 6 23 1.07 9.0749 0
1985 6 24 1.07 9.86572 0
1985 6 25 1.07 7.55088 0.94
1985 6 26 0.91 9.01166 0.26
1985 6 27 1.28 7.99244 2.64
1985 6 28 2.02 6.86672 11.66
1985 6 29 2.33 4.74124 13.64
1985 6 30 4.85 3.51364 9.52
1985 7 1 6.04 6.46414 0.8
1985 7 2 5.78 6.55966 0
1985 7 3 3.3 9.46304 0
1985 7 4 2.65 8.37 0
1985 7 5 2.11 5.80786 0.02
1985 7 6 1.89 7.49268 0
1985 7 7 1.89 9.11088 0.08
1985 7 8 1.68 8.26958 0
1985 7 9 1.48 8.38582 0
1985 7 10 1.89 4.92062 26.66
1985 7 11 4.19 5.3631 0.86
1985 7 12 3.68 8.4028 0
1985 7 13 2.65 9.09898 0
1985 7 14 3.48 8.04766 7.34
1985 7 15 2.98 5.57378 2.66
1985 7 16 3.29 7.63958 4.28
1985 7 17 2.68 8.74114 0
1985 7 18 2.4 10.01346 0
1985 7 19 1.9 10.4652 0
1985 7 20 1.46 11.3032 0
1985 7 21 0.91 7.3138 0
1985 7 22 0.77 6.5936 0
1985 7 23 0.77 8.30818 1.6
1985 7 24 0.77 10.1027 0
1985 7 25 0.97 8.92554 5.5
1985 7 26 2.46 8.4786 0
1985 7 27 1.58 7.85096 23.06
1985 7 28 6.03 4.3032 12.64
1985 7 29 7.07 5.64002 0
1985 7 30 3.92 7.57884 0
1985 7 31 2.84 6.9968 11.34
1985 8 1 18.1 8.36874 0
1985 8 2 2.75 9.98802 0.14
1985 8 3 2.35 8.88608 0
1985 8 4 2.35 10.0876 0
1985 8 5 2.11 9.04662 0.12
1985 8 6 2.11 6.01078 2.7
1985 8 7 2.65 5.18426 0.02
1985 8 8 1.9 5.83164 4.86
1985 8 9 1.68 6.64668 1.38
1985 8 10 1.9 7.0245 0
1985 8 11 1.68 7.32086 0.18
1985 8 12 1.68 8.54036 0.24
1985 8 13 2.4 7.67146 0.14
1985 8 14 2.13 8.92166 0.02
1985 8 15 2.13 8.72462 1.68
1985 8 16 1.9 6.99728 8.28
1985 8 17 2.68 7.17748 0
1985 8 18 2.13 5.9763 0
1985 8 19 1.9 6.82658 0
1985 8 20 1.9 9.35404 0
1985 8 21 1.9 8.44154 0.18
1985 8 22 1.9 6.08112 0.84
1985 8 23 2.4 5.33022 14.84
1985 8 24 5.19 8.14902 18.26
1985 8 25 9.73 5.86644 0.54
1985 8 26 7.12 3.75468 2.44
1985 8 27 5.96 4.2956 0.1
1985 8 28 5.15 5.50438 16.28
1985 8 29 10.3 4.4361 2.88
1985 8 30 8.37 5.6699 2.38
1985 8 31 7.9 6.62844 0.02
1985 9 1 6.4 6.73782 0
1985 9 2 5.55 7.70404 0
1985 9 3 4.79 6.31076 1.32
1985 9 4 4.05 3.23684 5.14
1985 9 5 5.96 5.90486 4.04
1985 9 6 4.4 5.68832 14.14
1985 9 7 6.53 5.31472 21.92
1985 9 8 34.3 4.00944 2.54
1985 9 9 29.5 3.60112 7.2
1985 9 10 22.5 3.56456 1.36
1985 9 11 19.9 4.67602 8.14
1985 9 12 32 3.05204 12.22
1985 9 13 41.1 3.03344 19.56
1985 9 14 72.4 3.10584 19.14
1985 9 15 134 2.81336 8.02
1985 9 16 82.4 2.39956 0.12
1985 9 17 59.6 2.4777 0
1985 9 18 40.6 3.1827 0.14
1985 9 19 28.6 4.3691 0
1985 9 20 18.9 2.09188 0
1985 9 21 18.1 4.52282 0
1985 9 22 14.6 5.05594 3.94
1985 9 23 14.6 4.72784 0.06
1985 9 24 12.8 5.24056 0
1985 9 25 11.7 3.7992 0.86
1985 9 26 11.2 4.3581 0
1985 9 27 9.7 5.09646 0
1985 9 28 9.7 5.5107 0.34
1985 9 29 10.2 4.97612 0
1985 9 30 9.2 5.09348 0.86
1985 10 1 9.2 6.09694 2.92
1985 10 2 8.71 4.71774 0.68
1985 10 3 8.71 5.75086 0
1985 10 4 8.71 6.7957 0
1985 10 5 8.71 5.74494 0
1985 10 6 8.25 5.33216 0
1985 10 7 8.25 2.87316 0
1985 10 8 7.76 3.43986 0.62
1985 10 9 8.25 3.8883 0
1985 10 10 7.76 4.02608 1.5
1985 10 11 7.3 4.67642 3.96
1985 10 12 8.25 4.18332 2.44
1985 10 13 9.2 3.16664 12.46
1985 10 14 11.2 3.65402 23.5
1985 10 15 19.5 3.71872 2.24
1985 10 16 16.5 2.17426 2.64
1985 10 17 14.1 2.00056 3.26
1985 10 18 12.8 1.51612 3.18
1985 10 19 13.4 1.7831 0.02
1985 10 20 11.5 2.02018 0
1985 10 21 10.4 3.47548 0
1985 10 22 9.79 3.2055 0.02
1985 10 23 9.21 3.84484 0
1985 10 24 9.21 3.57296 0
1985 10 25 8.65 3.15436 2.34
1985 10 26 9.21 3.49134 1.84
1985 10 27 9.21 3.1338 1.48
1985 10 28 8.65 2.16062 0.38
1985 10 29 9.21 3.64096 0.52
1985 10 30 8.11 3.79366 0.12
1985 10 31 8.11 4.01462 0
1985 11 1 8.11 3.9342 0
1985 11 2 8.11 2.9962 0
1985 11 3 8.11 2.77974 0
1985 11 4 7.59 3.3109 0
1985 11 5 7.05 3.69318 0.18
1985 11 6 6.51 2.61022 0.04
1985 11 7 6.51 4.00126 0
1985 11 8 6.01 2.45098 0
1985 11 9 5.5 2.7407 0
1985 11 10 5.5 3.01856 0
1985 11 11 5.5 3.17942 0
1985 11 12 5.5 2.90226 0
1985 11 13 5.5 2.78296 0
1985 11 14 4.99 2.88396 0
1985 11 15 4.99 3.71966 0
1985 11 16 4.49 2.85478 0
1985 11 17 4.49 3.12224 0
1985 11 18 4.49 4.2912 0
1985 11 19 4.49 3.86338 0
1985 11 20 4.49 3.2277 0
1985 11 21 4.49 4.28716 0
1985 11 22 4.49 3.11778 0
1985 11 23 4.49 2.97708 0
1985 11 24 4 3.0062 0
1985 11 25 3.53 2.89856 0
1985 11 26 3.53 2.2989 0
1985 11 27 3.53 2.8294 0
1985 11 28 3.14 2.1249 0
1985 11 29 3.14 2.59326 0
1985 11 30 2.72 3.2049 0
1985 12 1 3.14 3.27368 0
1985 12 2 3.14 2.81798 0
1985 12 3 3.14 3.4906 0
1985 12 4 3.14 3.2385 0
1985 12 5 2.72 2.57362 0
1985 12 6 2.72 3.43864 0.06
1985 12 7 2.39 2.16208 0.02
1985 12 8 2.05 1.65648 0
1985 12 9 2.6 1.48502 0.74
1985 12 10 2.6 1.99606 0.08
1985 12 11 2.82 1.44994 0
1985 12 12 3 2.41588 0
1985 12 13 3.13 2.4351 0
1985 12 14 3.24 2.09742 0
1985 12 15 3.24 1.68124 0
1985 12 16 2.82 2.20906 0
1985 12 17 3 2.13852 0
1985 12 18 3.13 1.67228 0
1985 12 19 2.95 1.46506 0
1985 12 20 2.95 1.89968 0
1985 12 21 3.3 1.8804 0
1985 12 22 3.38 2.06428 0
1985 12 23 3.17 2.4184 0
1985 12 24 3.38 2.2983 0
1985 12 25 3.37 2.43438 0
1985 12 26 2.82 1.86368 0
1985 12 27 2.39 2.08304 0.18
1985 12 28 2.39 2.16898 0.58
1985 12 29 2.05 1.9855 0.06
1985 12 30 2.39 2.10536 0.06
1985 12 31 2.39 2.44804 0
1986 1 1 2.15 2.06168 0
1986 1 2 2.18 2.30424 0
1986 1 3 1.91 3.00858 0
1986 1 4 1.85 1.85418 0
1986 1 5 1.85 1.94224 0
1986 1 6 1.91 3.40834 0
1986 1 7 1.95 2.94082 0
1986 1 8 2.12 2.32118 0
1986 1 9 2.12 2.1306 0
1986 1 10 2.22 2.2775 0
1986 1 11 2.08 2.10082 0
1986 1 12 2.15 2.31218 0
1986 1 13 2.22 1.18184 0.12
1986 1 14 2.12 1.80856 0
1986 1 15 2.08 2.93624 0
1986 1 16 2.02 2.5381 0
1986 1 17 2.02 2.69944 0
1986 1 18 2.02 3.18906 0
1986 1 19 2.02 2.42144 0
1986 1 20 2.02 2.86702 0
1986 1 21 2.05 2.1534 0.06
1986 1 22 2.05 1.6555 0.12
1986 1 23 2.08 1.80776 0.08
1986 1 24 2.08 1.95316 0.02
1986 1 25 2.15 2.23608 0
1986 1 26 2.08 2.27302 0
1986 1 27 2.05 2.49412 0
1986 1 28 2.08 2.62332 0
1986 1 29 2.02 2.64616 0
1986 1 30 2.02 1.96312 0
1986 1 31 2.02 2.10182 0
1986 2 1 2.05 2.69314 0
1986 2 2 1.99 2.79156 0
1986 2 3 1.75 2.07492 0.22
1986 2 4 1.82 1.60172 0
1986 2 5 1.78 2.00102 0
1986 2 6 1.85 2.07854 0.08
1986 2 7 1.85 2.3377 0
1986 2 8 2.12 1.43836 0
1986 2 9 2.12 3.03978 0
1986 2 10 2.02 2.74588 0
1986 2 11 1.99 3.25612 0
1986 2 12 2.7 3.21404 0
1986 2 13 2.7 3.09874 0
1986 2 14 2.74 3.68802 0
1986 2 15 2.77 3.19282 2.38
1986 2 16 2.74 1.92388 0.4
1986 2 17 2.37 2.49328 0
1986 2 18 2.37 3.82138 0
1986 2 19 2.37 3.8672 0
1986 2 20 2.37 2.74256 0
1986 2 21 2.37 2.53362 0
1986 2 22 2.37 3.5324 0
1986 2 23 2.37 3.38038 0
1986 2 24 2.66 3.01194 0
1986 2 25 2.37 3.50458 0.18
1986 2 26 2.37 2.42308 0
1986 2 27 2.08 2.19568 0
1986 2 28 1.79 2.03854 0
1986 3 1 2.37 2.87156 0
1986 3 2 2.66 3.30978 0
1986 3 3 2.37 3.46452 0
1986 3 4 2.08 3.91058 0
1986 3 5 2.08 4.42382 0
1986 3 6 1.5 5.1277 0
1986 3 7 1.79 2.78416 6.72
1986 3 8 2.37 3.28674 0
1986 3 9 2.08 3.27486 0
1986 3 10 2.02 4.08462 0
1986 3 11 2.24 5.31782 0
1986 3 12 2.75 4.81628 0
1986 3 13 2.75 4.96866 0
1986 3 14 2.49 4.24434 0
1986 3 15 2.75 4.25004 1.18
1986 3 16 2.75 3.53982 6.28
1986 3 17 2.75 2.27276 0
1986 3 18 2.49 3.26512 0
1986 3 19 2.49 2.58162 0.74
1986 3 20 2.75 2.85206 1.68
1986 3 21 2.49 2.69512 0
1986 3 22 2.49 3.63752 0
1986 3 23 2.49 3.5152 0
1986 3 24 2.49 4.4842 0
1986 3 25 2.24 3.3205 1.14
1986 3 26 2.24 3.96238 0.34
1986 3 27 2.24 3.33272 0
1986 3 28 2.24 6.27316 0.12
1986 3 29 2.49 3.74088 0.16
1986 3 30 2.49 4.63252 0
1986 3 31 2.49 3.8902 0.22
1986 4 1 2.02 4.39136 0
1986 4 2 2.02 3.55216 0.18
1986 4 3 2.02 3.8877 0
1986 4 4 2.02 5.196 0
1986 4 5 2.02 5.53412 0
1986 4 6 2.02 5.89438 0
1986 4 7 1.83 6.15118 0
1986 4 8 1.83 5.59086 0
1986 4 9 1.62 6.4045 0
1986 4 10 1.62 4.9627 0
1986 4 11 1.62 4.37822 0
1986 4 12 1.62 4.27448 0.94
1986 4 13 1.62 3.98434 2.04
1986 4 14 1.62 6.29962 0
1986 4 15 1.62 6.9904 0
1986 4 16 1.42 6.17412 0
1986 4 17 1.42 6.6032 0
1986 4 18 1.42 7.26804 0
1986 4 19 1.42 6.58074 0
1986 4 20 1.23 4.10816 7.5
1986 4 21 1.62 5.25118 4.18
1986 4 22 2.02 8.33416 0
1986 4 23 1.42 6.90376 1.06
1986 4 24 1.42 5.2643 2.18
1986 4 25 1.42 3.39454 1
1986 4 26 1.83 3.026 3.82
1986 4 27 2.02 4.49092 1.52
1986 4 28 2.24 4.32716 0.72
1986 4 29 2.49 3.7146 0.38
1986 4 30 2.49 4.15008 0
1986 5 1 2.24 5.81176 0
1986 5 2 2.02 6.30548 0
1986 5 3 1.83 4.2906 0.66
1986 5 4 2.02 5.28994 0.3
1986 5 5 1.83 7.05518 0
1986 5 6 1.62 7.88342 0
1986 5 7 1.23 9.27508 0
1986 5 8 1.05 10.2032 0.52
1986 5 9 1.05 9.24224 0.26
1986 5 10 1.05 5.9949 0.2
1986 5 11 1.05 5.10212 0.58
1986 5 12 1.05 4.7131 0
1986 5 13 1.05 7.98406 0
1986 5 14 1.05 9.1025 0
1986 5 15 1.05 9.46558 0
1986 5 16 1.05 9.9269 0
1986 5 17 0.9 4.63846 0
1986 5 18 1.05 6.75404 0.6
1986 5 19 1.05 4.00938 2.62
1986 5 20 1.05 4.89194 0
1986 5 21 1.05 8.30512 0
1986 5 22 0.9 6.13574 0.06
1986 5 23 0.9 5.18258 0.28
1986 5 24 1.05 5.01204 8.12
1986 5 25 1.42 4.12438 1.22
1986 5 26 1.83 6.57214 0
1986 5 27 1.42 5.98404 0.5
1986 5 28 1.23 8.31448 0
1986 5 29 1.05 10.3682 2.88
1986 5 30 1.05 7.61772 0.2
1986 5 31 1.05 8.21656 0
1986 6 1 0.9 5.2688 0.38
1986 6 2 0.9 7.9369 0.28
1986 6 3 0.78 4.9331 2.6
1986 6 4 0.9 5.22482 0.88
1986 6 5 1.05 6.24752 1.16
1986 6 6 1.05 5.49576 2.56
1986 6 7 1.23 4.6575 1.2
1986 6 8 1.42 4.84148 2.66
1986 6 9 1.83 6.29246 0
1986 6 10 1.62 6.32634 0
1986 6 11 1.42 9.74792 0.02
1986 6 12 1.23 7.07018 10.86
1986 6 13 1.42 4.98716 11.66
1986 6 14 3.56 3.81576 2.26
1986 6 15 4.92 4.16798 0
1986 6 16 5.93 7.75584 0
1986 6 17 4.28 8.05376 0
1986 6 18 3.65 7.52592 7.3
1986 6 19 3.65 7.91632 0
1986 6 20 3.97 8.15082 0
1986 6 21 3.03 7.45134 0.76
1986 6 22 2.49 8.8435 7.14
1986 6 23 16.6 9.95352 0
1986 6 24 2.87 9.85564 28
1986 6 25 17 7.01218 29.4
1986 6 26 36 7.33658 0.24
1986 6 27 15.4 7.44788 0
1986 6 28 7.46 6.08616 0
1986 6 29 6.02 6.16588 3.8
1986 6 30 5.34 5.1459 2.6
1986 7 1 5.34 4.88412 18.02
1986 7 2 18.5 4.26516 20.74
1986 7 3 60.6 4.96912 0.6
1986 7 4 28.4 8.90686 0
1986 7 5 15.7 8.72254 0
1986 7 6 10.4 8.4602 2.4
1986 7 7 9 7.53568 0
1986 7 8 7.83 7.95004 29.24
1986 7 9 58 7.08906 18.16
1986 7 10 81.1 5.33016 0.06
1986 7 11 31.8 8.57132 1.2
1986 7 12 28.6 5.76682 4.04
1986 7 13 26.3 5.84268 0.02
1986 7 14 16.4 7.66422 0
1986 7 15 14.2 6.5948 0
1986 7 16 10.8 8.15068 0
1986 7 17 9.38 8.74406 0.26
1986 7 18 8.6 7.48776 2.18
1986 7 19 11.3 9.85858 0
1986 7 20 7.83 7.8589 0.18
1986 7 21 7.09 8.56564 0.12
1986 7 22 6.02 9.44516 0
1986 7 23 5.67 9.61804 0.1
1986 7 24 5.03 8.5701 0.24
1986 7 25 5.34 8.48946 0.48
1986 7 26 5.34 9.10002 2.24
1986 7 27 4.74 9.17112 0.04
1986 7 28 3.94 9.0125 0
1986 7 29 3.94 7.08608 4.88
1986 7 30 4.19 4.55168 0.62
1986 7 31 4.74 8.3999 0.24
1986 8 1 4.19 8.92746 0.08
1986 8 2 3.94 8.09182 21.82
1986 8 3 11.4 5.82366 0.8
1986 8 4 8.53 7.33764 0
1986 8 5 6.02 9.26002 0
1986 8 6 5.03 8.1414 0
1986 8 7 4.46 9.21704 0
1986 8 8 3.94 10.04232 0
1986 8 9 3.7 8.56772 0
1986 8 10 3.24 10.0098 0
1986 8 11 2.6 10.4678 0
1986 8 12 2.2 7.80604 0
1986 8 13 2.02 6.27834 4.1
1986 8 14 3.24 6.09872 2.72
1986 8 15 3.7 4.20926 0
1986 8 16 3.24 7.14476 0
1986 8 17 2.4 6.18048 14.5
1986 8 18 4.88 5.98868 1.08
1986 8 19 5.03 7.2109 0
1986 8 20 3.7 8.12082 0
1986 8 21 3.02 9.18444 0
1986 8 22 2.81 7.7074 5.86
1986 8 23 3.47 5.87936 2.3
1986 8 24 3.7 5.43202 0
1986 8 25 3.24 8.11866 0
1986 8 26 2.6 8.28206 0
1986 8 27 2.4 8.09278 0
1986 8 28 2.4 6.77108 0
1986 8 29 2.4 6.62032 0
1986 8 30 2.4 6.64176 0
1986 8 31 2.2 7.34034 1.34
1986 9 1 2.4 7.753 0
1986 9 2 2.02 7.55948 0
1986 9 3 1.83 5.96696 0
1986 9 4 1.66 8.24598 0
1986 9 5 1.35 8.28306 0
1986 9 6 1.08 7.54696 1.18
1986 9 7 1.08 3.87916 8.74
1986 9 8 3.02 3.9378 9.82
1986 9 9 5.03 4.34838 1.86
1986 9 10 3.7 4.961 0
1986 9 11 2.81 4.48798 0
1986 9 12 2.6 6.5743 0
1986 9 13 2.6 4.8207 0
1986 9 14 2.2 5.51576 0
1986 9 15 1.83 4.04866 1.38
1986 9 16 2.02 6.23492 1.3
1986 9 17 2.6 3.57922 6.72
1986 9 18 2.4 6.49378 0
1986 9 19 2.4 7.4482 0
1986 9 20 2.02 6.60906 0
1986 9 21 1.66 6.1022 0
1986 9 22 1.5 6.02388 0
1986 9 23 1.35 7.41324 0
1986 9 24 1.21 6.02434 3.9
1986 9 25 1.5 5.06254 0
1986 9 26 1.66 6.20802 4.66
1986 9 27 1.83 4.88304 6.72
1986 9 28 4.91 5.49348 0
1986 9 29 3.83 5.68562 0
1986 9 30 2.2 6.18902 0
1986 10 1 1.83 6.84174 0.26
1986 10 2 1.66 4.35848 1.72
1986 10 3 1.83 4.21224 0
1986 10 4 1.83 4.85646 0
1986 10 5 1.66 5.4249 0
1986 10 6 1.83 6.09772 0
1986 10 7 1.21 4.77548 0
1986 10 8 0.87 4.7435 0
1986 10 9 0.78 4.69516 0
1986 10 10 0.97 5.02028 0
1986 10 11 0.87 4.75866 0
1986 10 12 1.08 4.67176 0.12
1986 10 13 1.5 5.12942 0
1986 10 14 0.97 5.83856 0
1986 10 15 0.87 5.587 0.16
1986 10 16 0.87 2.64938 13.32
1986 10 17 2.02 3.34218 0.24
1986 10 18 3.02 3.8756 4.48
1986 10 19 2.6 2.2092 0.98
1986 10 20 2.6 2.19724 0.5
1986 10 21 2.4 4.22212 0.02
1986 10 22 2.02 3.77028 0
1986 10 23 2.4 4.53666 0
1986 10 24 2.4 4.5196 0
1986 10 25 2.2 4.27374 0
1986 10 26 2.2 4.24482 0
1986 10 27 2.02 4.11378 0
1986 10 28 2.02 3.27664 0
1986 10 29 2.02 3.85192 0
1986 10 30 2.02 3.37914 0
1986 10 31 2.02 3.96928 0
1986 11 1 1.83 4.5281 0
1986 11 2 1.66 3.77536 0
1986 11 3 1.66 3.82818 0
1986 11 4 1.66 4.67782 0
1986 11 5 1.66 3.9077 0
1986 11 6 1.66 3.99356 1
1986 11 7 1.21 3.29254 0.96
1986 11 8 1.08 3.12698 0
1986 11 9 0.97 3.18744 0
1986 11 10 0.97 3.06212 4.82
1986 11 11 0.97 2.7587 0
1986 11 12 0.97 2.71658 0
1986 11 13 1.08 2.93954 0
1986 11 14 0.97 2.45792 0
1986 11 15 0.87 1.9323 0
1986 11 16 0.87 1.8195 0.6
1986 11 17 0.87 1.54046 0.22
1986 11 18 0.97 2.2063 0
1986 11 19 0.87 3.2171 0
1986 11 20 0.87 2.6751 0
1986 11 21 0.78 1.74168 0.3
1986 11 22 0.78 3.11624 2.44
1986 11 23 0.87 2.9381 0.18
1986 11 24 0.87 1.82762 0.24
1986 11 25 0.87 1.80942 0.5
1986 11 26 0.78 1.15466 0.1
1986 11 27 0.78 1.21658 0
1986 11 28 0.87 2.16342 0
1986 11 29 1.21 1.62284 0
1986 11 30 0.87 1.8723 0
1986 12 1 0.97 1.52958 1.26
1986 12 2 0.87 2.9825 0
1986 12 3 0.78 2.88632 0
1986 12 4 0.78 3.12318 0
1986 12 5 0.87 3.15418 0
1986 12 6 0.89 2.70164 0
1986 12 7 0.78 2.7868 0
1986 12 8 1.33 2.68732 0
1986 12 9 1.66 2.60466 0
1986 12 10 1.55 2.70026 0
1986 12 11 1.77 2.41704 0
1986 12 12 1.88 2.19418 1.64
1986 12 13 1.88 2.0839 0
1986 12 14 1.77 2.25734 0.56
1986 12 15 1.99 2.39286 1.34
1986 12 16 1.88 1.60738 0.16
1986 12 17 1.38 1.8026 0
1986 12 18 1.26 1.6624 0
1986 12 19 0.79 1.244 0
1986 12 20 1.2 1.79648 0
1986 12 21 1.14 2.01052 0
1986 12 22 1.14 2.47658 0
1986 12 23 1.03 1.88894 0
1986 12 24 1.55 2.32816 0
1986 12 25 1.33 2.55792 0
1986 12 26 1.44 2.29792 0
1986 12 27 1.03 2.92698 0
1986 12 28 1.14 2.31282 0
1986 12 29 1.03 2.0887 0
1986 12 30 1.26 2.54608 0
1986 12 31 1.14 2.44096 0.22
1987 1 1 1.37 2.39088 0.2
1987 1 2 1.17 2.42766 0
1987 1 3 1.17 2.1088 0
1987 1 4 1.17 2.64582 0
1987 1 5 1.17 2.68668 0
1987 1 6 1.07 2.8718 0
1987 1 7 1.07 3.51004 0
1987 1 8 1.07 3.2764 0
1987 1 9 1.17 2.70314 0
1987 1 10 1.07 2.5064 0
1987 1 11 1.07 3.33854 0
1987 1 12 0.97 2.60076 0
1987 1 13 0.97 2.53496 0
1987 1 14 1.17 2.48574 0
1987 1 15 1.17 2.3529 0
1987 1 16 1.07 2.30836 0
1987 1 17 1.07 2.08738 0
1987 1 18 1.27 2.1919 0
1987 1 19 0.88 3.10778 0
1987 1 20 0.97 1.65968 0
1987 1 21 0.97 2.48082 0
1987 1 22 1.27 2.72578 0
1987 1 23 0.97 2.3679 0
1987 1 24 0.97 1.57436 0
1987 1 25 0.88 1.88054 0
1987 1 26 1.07 2.09172 0
1987 1 27 0.88 2.98218 0
1987 1 28 1.27 2.61464 0
1987 1 29 1.17 3.05456 0
1987 1 30 1.17 2.27678 0
1987 1 31 1.17 2.35588 0
1987 2 1 0.88 3.08778 0
1987 2 2 0.97 2.33392 0
1987 2 3 0.88 3.23618 0
1987 2 4 1.06 2.67236 0
1987 2 5 1.23 2.5606 0
1987 2 6 1.14 3.2151 0
1987 2 7 1.14 4.30402 0
1987 2 8 1.42 3.6169 0
1987 2 9 1.42 3.17024 0
1987 2 10 1.33 3.20402 0
1987 2 11 1.33 3.54352 0
1987 2 12 1.14 4.25202 0
1987 2 13 1.06 3.8056 0
1987 2 14 1.14 2.96296 0
1987 2 15 1.23 3.07792 0
1987 2 16 1.06 2.24148 0.14
1987 2 17 1.06 2.34906 0.36
1987 2 18 1.06 2.28682 1.18
1987 2 19 1.06 1.28884 1.18
1987 2 20 1.06 1.48454 1.4
1987 2 21 1.14 3.12622 0
1987 2 22 1.14 3.83716 0
1987 2 23 1.14 4.17044 0
1987 2 24 1.06 3.67596 0
1987 2 25 1.06 3.90388 0
1987 2 26 0.98 3.86416 0
1987 2 27 0.98 3.06748 0
1987 2 28 0.84 3.38792 0
1987 3 1 0.78 3.99668 0
1987 3 2 0.5 4.51996 0
1987 3 3 0.5 5.06482 0
1987 3 4 0.43 4.80712 0
1987 3 5 0.43 5.67974 0
1987 3 6 0.46 5.11072 0
1987 3 7 0.43 3.43306 11.02
1987 3 8 0.5 2.33504 4.88
1987 3 9 0.84 2.9751 3.04
1987 3 10 1.06 3.11826 0.12
1987 3 11 1.06 3.2993 0.06
1987 3 12 1.06 3.21102 0
1987 3 13 1.23 2.67934 0.22
1987 3 14 1.06 2.4094 0
1987 3 15 0.98 3.29454 0.06
1987 3 16 0.9 6.35744 0
1987 3 17 0.78 4.05126 5.6
1987 3 18 0.98 3.4147 0.64
1987 3 19 1.33 5.45482 0
1987 3 20 1.06 3.81488 1.64
1987 3 21 1.06 2.48432 0.78
1987 3 22 1.06 2.60016 0
1987 3 23 1.06 3.95522 2.96
1987 3 24 1.06 4.14538 0.8
1987 3 25 1.06 3.55036 0
1987 3 26 1.33 4.3661 0
1987 3 27 1.42 5.0521 0
1987 3 28 0.98 6.31172 0
1987 3 29 0.98 5.42036 0
1987 3 30 0.98 4.33906 0
1987 3 31 0.98 3.0062 6.92
1987 4 1 1.23 4.3869 0.26
1987 4 2 1.33 6.52036 0
1987 4 3 1.06 7.76026 0
1987 4 4 0.9 7.52452 0
1987 4 5 0.84 6.17884 0
1987 4 6 0.84 6.15698 0
1987 4 7 0.78 8.21686 0
1987 4 8 0.67 6.24566 0.34
1987 4 9 0.67 5.59232 0.5
1987 4 10 0.63 5.7813 6.82
1987 4 11 0.67 4.21042 5.64
1987 4 12 0.98 4.61464 0
1987 4 13 1.06 4.18814 0
1987 4 14 0.98 4.75662 0
1987 4 15 0.84 6.22842 0
1987 4 16 0.73 6.82328 0
1987 4 17 0.73 8.31434 0
1987 4 18 0.63 7.72704 0
1987 4 19 0.63 7.34884 25
1987 4 20 12.3 6.86646 0
1987 4 21 4.27 6.0819 0
1987 4 22 2.55 7.88508 0
1987 4 23 1.87 7.33046 0.22
1987 4 24 1.75 5.82482 5.28
1987 4 25 1.87 4.94362 0
1987 4 26 1.87 4.5482 0.04
1987 4 27 1.75 5.79602 0
1987 4 28 1.64 7.83718 0
1987 4 29 1.52 9.15154 0
1987 4 30 1.23 8.2314 0
1987 5 1 1.06 6.2619 2.46
1987 5 2 1.06 5.69664 0.08
1987 5 3 1.14 3.39842 0.06
1987 5 4 1.33 4.0695 3.2
1987 5 5 1.42 5.17354 0.38
1987 5 6 1.33 5.14146 0
1987 5 7 1.23 7.63274 0
1987 5 8 0.98 6.42844 0.34
1987 5 9 0.9 5.54482 0
1987 5 10 0.84 8.02832 4.86
1987 5 11 0.9 4.08252 5.22
1987 5 12 1.23 5.36302 0
1987 5 13 1.75 6.7853 0
1987 5 14 1.06 7.2877 0.16
1987 5 15 1.06 9.5183 0.88
1987 5 16 1.06 9.11246 0
1987 5 17 0.84 8.81758 0
1987 5 18 0.84 8.46008 0.04
1987 5 19 0.78 8.619 1.48
1987 5 20 0.98 6.4756 7.98
1987 5 21 1.14 8.16166 1.7
1987 5 22 1.33 9.50424 0
1987 5 23 0.98 8.93072 2.84
1987 5 24 1.14 6.20022 11.72
1987 5 25 2.35 4.25614 2.56
1987 5 26 2.55 4.63798 16.08
1987 5 27 4.21 3.86462 2.38
1987 5 28 5.28 6.4756 0.96
1987 5 29 3.89 8.35558 1.9
1987 5 30 3.89 6.7962 4.2
1987 5 31 3.3 6.03026 0.44
1987 6 1 3.03 8.02818 0
1987 6 2 2.55 7.9496 0.56
1987 6 3 2.16 10.9364 0
1987 6 4 3.27 6.50064 31.04
1987 6 5 17.4 6.18778 2
1987 6 6 6.98 6.65168 0
1987 6 7 4.21 7.624 0
1987 6 8 3.03 9.45016 0
1987 6 9 2.35 8.08512 0.44
1987 6 10 2.16 8.13748 5.4
1987 6 11 2.16 5.9913 6.78
1987 6 12 3.03 4.68456 8.64
1987 6 13 3.03 4.62352 4.54
1987 6 14 8.88 4.4057 1.08
1987 6 15 7.85 7.7586 0
1987 6 16 6.09 7.81304 0
1987 6 17 3.3 8.15174 0
1987 6 18 3.59 5.1796 0.52
1987 6 19 2.78 7.70806 0.26
1987 6 20 2.35 6.08474 8.8
1987 6 21 3.3 5.45788 2.14
1987 6 22 3.03 6.36966 0.04
1987 6 23 2.55 8.36316 0
1987 6 24 2.16 8.7283 2.34
1987 6 25 2.16 6.05466 22.92
1987 6 26 9.77 4.05268 0.26
1987 6 27 12.2 6.25314 0
1987 6 28 6.53 7.79024 0
1987 6 29 5.28 8.44982 0
1987 6 30 3.89 8.73388 2.8
1987 7 1 2.78 9.4056 0
1987 7 2 2.35 9.35758 2.88
1987 7 3 6.85 7.92128 0.38
1987 7 4 3.16 7.68028 1.52
1987 7 5 2.6 9.88888 0.1
1987 7 6 1.55 10.5594 0
1987 7 7 1.16 11.9478 0
1987 7 8 0.87 9.85012 32.68
1987 7 9 11.1 7.0799 9.12
1987 7 10 10.2 6.52856 2.78
1987 7 11 5.33 6.49874 0
1987 7 12 4.22 6.79356 0
1987 7 13 3.56 9.38128 0
1987 7 14 2.67 9.74004 3.78
1987 7 15 3.86 9.7159 0
1987 7 16 4.22 4.78346 4.72
1987 7 17 3.88 5.57398 13.14
1987 7 18 5.75 5.67654 0.08
1987 7 19 5.33 6.8191 0.02
1987 7 20 3.88 7.56858 0
1987 7 21 3.83 8.93036 0.02
1987 7 22 3.25 9.89636 0
1987 7 23 2.41 9.3926 0
1987 7 24 1.7 9.87494 9.92
1987 7 25 6.49 9.60998 0
1987 7 26 2.41 10.281 14.74
1987 7 27 6.29 6.0818 25.12
1987 7 28 32.7 6.1048 8
1987 7 29 13.6 7.96368 0
1987 7 30 7.4 8.86 0
1987 7 31 5.33 8.71708 0
1987 8 1 3.56 9.01048 0
1987 8 2 3.88 6.978 5.08
1987 8 3 3.88 5.68278 0
1987 8 4 3.56 8.10204 0
1987 8 5 2.95 4.8147 1.7
1987 8 6 2.67 7.11964 1.84
1987 8 7 2.41 10.0594 0
1987 8 8 2.16 9.01806 0
1987 8 9 1.7 9.37566 0.04
1987 8 10 1.7 9.17938 1.78
1987 8 11 1.33 8.07892 7.7
1987 8 12 1.7 6.41362 1.52
1987 8 13 2.67 5.93178 1.08
1987 8 14 1.92 7.56954 0
1987 8 15 1.92 7.82338 0
1987 8 16 1.52 7.72704 1.22
1987 8 17 1.33 6.4556 0
1987 8 18 1.33 7.43698 0
1987 8 19 1.92 8.6943 0.8
1987 8 20 1.33 9.2428 0
1987 8 21 1.33 7.47544 0.26
1987 8 22 1.15 8.51358 0
1987 8 23 1.15 10.13244 0
1987 8 24 0.72 9.01852 0
1987 8 25 0.5 10.2138 14.56
1987 8 26 1.28 7.6716 0
1987 8 27 2.59 6.922 0.46
1987 8 28 1.52 8.28272 3.74
1987 8 29 2.84 7.42452 1.62
1987 8 30 1.52 7.28736 3.58
1987 8 31 1.7 8.22632 0
1987 9 1 1.7 9.50496 3.38
1987 9 2 1.52 7.53022 17.92
1987 9 3 6.64 6.11676 3.78
1987 9 4 3.56 6.61494 0
1987 9 5 2.41 7.30166 0.54
1987 9 6 2.16 6.55016 0.52
1987 9 7 1.92 6.96786 0
1987 9 8 1.7 7.25306 0.7
1987 9 9 1.7 7.56448 3.32
1987 9 10 2.76 6.94198 7.54
1987 9 11 4.22 6.40926 0.22
1987 9 12 3.88 3.62858 2.26
1987 9 13 3.25 3.79882 1.94
1987 9 14 3.88 3.36272 0.02
1987 9 15 2.67 6.66306 0
1987 9 16 2.41 6.9645 0.76
1987 9 17 2.41 6.8574 0
1987 9 18 2.41 8.00092 0
1987 9 19 2.16 7.22928 0
1987 9 20 1.7 7.41916 0.48
1987 9 21 1.52 8.53536 0.06
1987 9 22 1.33 8.27884 0.2
1987 9 23 1.33 4.93142 1.1
1987 9 24 1.52 5.8484 0
1987 9 25 1.33 6.27892 0
1987 9 26 1.15 6.25132 0
1987 9 27 1.15 5.20944 0.06
1987 9 28 1 4.8503 0
1987 9 29 1 7.13144 0
1987 9 30 1 7.30726 0
1987 10 1 0.72 6.06002 0
1987 10 2 0.6 6.60588 0
1987 10 3 0.6 7.8943 0
1987 10 4 0.6 6.66546 0
1987 10 5 0.5 6.0841 0
1987 10 6 0.5 6.39486 0
1987 10 7 0.5 7.78984 0
1987 10 8 0.39 8.0844 0
1987 10 9 0.39 8.0015 0
1987 10 10 0.39 6.0673 0
1987 10 11 0.39 7.27886 8.9
1987 10 12 0.5 6.52438 12.46
1987 10 13 3.88 3.99816 0.2
1987 10 14 2.95 4.77708 3.68
1987 10 15 2.41 4.5709 7.32
1987 10 16 2.95 3.5729 1.74
1987 10 17 2.95 3.62654 0.74
1987 10 18 2.41 4.13168 0
1987 10 19 2.67 2.99676 4
1987 10 20 2.67 1.96406 7.1
1987 10 21 3.56 2.97966 0.66
1987 10 22 3.25 3.75102 0
1987 10 23 2.95 3.73296 0
1987 10 24 2.67 4.69584 0
1987 10 25 2.67 4.79244 0
1987 10 26 2.41 4.24572 0
1987 10 27 2.41 4.5204 0
1987 10 28 2.41 5.32498 0
1987 10 29 2.41 4.72922 0
1987 10 30 2.41 2.5035 2.84
1987 10 31 2.67 2.12444 2.08
1987 11 1 2.95 2.20004 0.82
1987 11 2 2.41 3.27414 0
1987 11 3 2.67 3.49508 0
1987 11 4 2.41 3.20862 0
1987 11 5 2.16 4.1017 0
1987 11 6 2.16 3.74938 0
1987 11 7 2.16 3.43208 0
1987 11 8 2.41 4.49516 0
1987 11 9 2.41 5.74554 0
1987 11 10 2.41 4.19472 0
1987 11 11 2.41 3.6732 1.68
1987 11 12 2.41 3.21432 0
1987 11 13 2.41 3.30834 7.58
1987 11 14 2.67 2.53428 0.92
1987 11 15 2.16 3.12282 0
1987 11 16 2.16 2.75362 0
1987 11 17 1.92 2.93488 0
1987 11 18 1.92 3.6444 0
1987 11 19 1.92 3.97234 0
1987 11 20 1.7 2.99428 0
1987 11 21 1.52 3.40584 0
1987 11 22 1.52 3.8089 0
1987 11 23 1.33 3.59432 0
1987 11 24 1.52 3.3169 0.08
1987 11 25 1.52 2.59764 0.84
1987 11 26 1.7 3.42584 2.24
1987 11 27 1.7 2.15174 0.16
1987 11 28 1.01 0.967268 0.28
1987 11 29 1.08 1.07658 0
1987 11 30 1.08 1.35726 0
1987 12 1 1.08 1.56424 0
1987 12 2 1.01 1.04114 0
1987 12 3 0.85 1.56206 0
1987 12 4 1.16 2.12218 0
1987 12 5 1.24 2.21568 0
1987 12 6 1.16 1.8749 0
1987 12 7 1.01 2.4415 0
1987 12 8 1.01 2.38958 0
1987 12 9 1.08 2.68504 0
1987 12 10 0.93 2.32298 0
1987 12 11 0.69 2.01878 0
1987 12 12 0.69 1.97654 0
1987 12 13 0.85 1.91388 0
1987 12 14 1.08 2.40522 0
1987 12 15 1.16 2.86946 0
1987 12 16 1.01 2.1583 0
1987 12 17 1.01 2.39466 0
1987 12 18 1.01 2.2488 0
1987 12 19 1.01 2.17466 0
1987 12 20 1.01 2.75268 0
1987 12 21 1.01 3.0122 0
1987 12 22 0.93 3.24014 0
1987 12 23 0.93 2.95898 0
1987 12 24 0.93 2.50026 0
1987 12 25 1.01 3.3079 0
1987 12 26 0.93 3.40386 0
1987 12 27 0.93 3.66122 0
1987 12 28 0.93 3.1472 0
1987 12 29 0.93 2.80646 0
1987 12 30 0.93 2.72658 0
1987 12 31 1.08 2.45362 0
